152.4923 58.2222 152.1258 59.0112 151.3846 58.5556
157.0462 63.1111 156.0868 62.9461 156.0616 61.8889
151.2615 59.1111 151.3846 58.5556 152.1258 59.0112
152.1258 59.0112 153.4596 60.9619 151.7231 60.5555
153.3538 64.0143 153.1077 64.8889 152.6461 63.4444
152.4923 58.2222 153.1077 58.2222 152.1258 59.0112
152.6461 63.4444 152.1846 62.0000 154.5398 62.4541
155.2615 64.1667 154.5398 62.4541 156.0868 62.9461
153.1077 64.8889 153.3538 64.0143 153.6000 64.8889
152.1258 59.0112 153.1077 58.2222 154.0923 59.4444
151.7231 60.5555 151.2615 59.1111 152.1258 59.0112
152.1258 59.0112 154.0923 59.4444 153.4596 60.9619
155.0770 60.6667 153.4596 60.9619 154.0923 59.4444
156.0868 62.9461 154.5398 62.4541 156.0616 61.8889
156.9231 63.4444 156.0868 62.9461 157.0462 63.1111
156.9231 63.4444 155.2615 64.1667 156.0868 62.9461
153.6000 64.8889 153.3538 64.0143 155.2615 64.1667
155.0770 60.6667 156.0616 61.8889 154.5398 62.4541
152.6461 63.4444 154.5398 62.4541 153.3538 64.0143
155.2615 64.1667 153.3538 64.0143 154.5398 62.4541
153.4596 60.9619 154.5398 62.4541 152.1846 62.0000
154.5398 62.4541 153.4596 60.9619 155.0770 60.6667
151.7231 60.5555 153.4596 60.9619 152.1846 62.0000
