129.9597 97.5930 131.4462 97.6667 129.8645 98.9959
127.6308 97.8333 128.5539 98.2551 128.2462 99.2222
129.0336 96.2345 129.9597 97.5930 128.5539 98.2551
127.8657 95.4375 129.7231 95.0000 129.0336 96.2345
128.5539 98.2551 129.8645 98.9959 128.8615 99.2222
127.0154 96.4444 126.8923 95.6667 127.8657 95.4375
131.4462 97.6667 131.8154 98.5556 129.8645 98.9959
130.5847 96.3334 129.9597 97.5930 129.0336 96.2345
129.0336 96.2345 127.0154 96.4444 127.8657 95.4375
130.5847 96.3334 129.0336 96.2345 129.7231 95.0000
127.0154 96.4444 129.0336 96.2345 127.6308 97.8333
128.5539 98.2551 128.8615 99.2222 128.2462 99.2222
131.4462 97.6667 129.9597 97.5930 130.5847 96.3334
129.8645 98.9959 128.5539 98.2551 129.9597 97.5930
129.0336 96.2345 128.5539 98.2551 127.6308 97.8333
