164.3077 93.6667 164.9846 95.0556 163.4627 94.8817
163.4627 94.8817 164.9846 95.0556 164.0656 96.3521
166.3385 97.8333 167.0154 99.2222 166.1042 98.8069
161.9077 95.3056 163.4627 94.8817 164.0656 96.3521
165.6616 96.4445 166.3385 97.8333 164.4507 97.8940
166.7692 99.5556 166.1042 98.8069 167.0154 99.2222
164.4507 97.8940 166.3385 97.8333 166.1042 98.8069
166.7692 99.5556 164.9846 100.0556 166.1042 98.8069
164.0396 99.1423 163.2000 100.5556 162.7692 98.8056
165.6616 96.4445 164.4507 97.8940 164.0656 96.3521
161.4769 93.5556 163.8154 93.4444 163.4627 94.8817
164.0396 99.1423 166.1042 98.8069 164.9846 100.0556
161.4769 93.5556 163.4627 94.8817 161.9077 95.3056
164.0656 96.3521 162.3384 97.0556 161.9077 95.3056
163.4627 94.8817 163.8154 93.4444 164.3077 93.6667
162.7692 98.8056 164.4507 97.8940 164.0396 99.1423
162.3384 97.0556 164.4507 97.8940 162.7692 98.8056
165.6616 96.4445 164.0656 96.3521 164.9846 95.0556
162.3384 97.0556 164.0656 96.3521 164.4507 97.8940
166.1042 98.8069 164.0396 99.1423 164.4507 97.8940
163.2000 100.5556 164.0396 99.1423 164.9846 100.0556
