95.1385 91.3333 95.3846 94.1111 94.6965 92.7723
93.7197 94.0316 94.6965 92.7723 95.3846 94.1111
93.7197 94.0316 91.2000 93.5000 91.9876 92.3057
91.9876 92.3057 91.4886 90.5269 93.1832 91.5201
94.1348 97.7703 95.7538 98.3333 94.7692 99.2222
93.2923 96.2222 92.8000 95.3333 94.8923 95.1111
92.8000 95.3333 93.7197 94.0316 94.8923 95.1111
92.9230 99.1389 92.5538 97.6667 94.1348 97.7703
93.2923 96.2222 95.3230 96.7222 94.1348 97.7703
94.5092 101.8449 95.2615 100.0000 96.1906 101.4252
96.6154 99.7778 96.1906 101.4252 95.2615 100.0000
96.1906 101.4252 96.6154 99.7778 97.3538 102.6667
95.2615 100.0000 93.2923 100.6112 94.7692 99.2222
92.8000 95.3333 91.2000 93.5000 93.7197 94.0316
91.4886 90.5269 90.7077 91.6667 90.2418 89.9316
92.8723 90.1082 93.1832 91.5201 91.4886 90.5269
93.2923 100.6112 94.5092 101.8449 94.0308 103.5556
94.5092 101.8449 93.2923 100.6112 95.2615 100.0000
93.2923 96.2222 94.8923 95.1111 95.3230 96.7222
95.7538 98.3333 94.1348 97.7703 95.3230 96.7222
93.7197 94.0316 95.3846 94.1111 94.8923 95.1111
92.8723 90.1082 95.1385 91.3333 93.1832 91.5201
96.1906 101.4252 97.3538 102.6667 95.6923 103.1112
96.1906 101.4252 95.6923 103.1112 94.5092 101.8449
94.0308 103.5556 94.5092 101.8449 95.6923 103.1112
91.4886 90.5269 90.2418 89.9316 91.6524 88.5805
91.6524 88.5805 92.9516 88.3170 92.8723 90.1082
91.6524 88.5805 92.8000 87.0000 92.9516 88.3170
91.2000 93.5000 90.7077 91.6667 91.9876 92.3057
91.6524 88.5805 89.7231 88.0000 92.8000 87.0000
89.7231 88.0000 91.6524 88.5805 90.2418 89.9316
94.7692 99.2222 93.2923 100.6112 92.9230 99.1389
91.2000 93.5000 92.8000 95.3333 91.6923 95.3333
95.1385 91.3333 94.6965 92.7723 93.1832 91.5201
93.1832 91.5201 94.6965 92.7723 93.7197 94.0316
92.8000 87.0000 93.9693 89.1667 92.9516 88.3170
92.9516 88.3170 93.9693 89.1667 92.8723 90.1082
92.8723 90.1082 91.4886 90.5269 91.6524 88.5805
95.1385 91.3333 92.8723 90.1082 93.9693 89.1667
91.4886 90.5269 91.9876 92.3057 90.7077 91.6667
93.7197 94.0316 91.9876 92.3057 93.1832 91.5201
92.9230 99.1389 94.1348 97.7703 94.7692 99.2222
93.2923 96.2222 94.1348 97.7703 92.5538 97.6667
