168.4308 102.7392 168.1231 101.3333 168.7385 101.3333
168.4308 102.7392 167.0561 102.8489 168.1231 101.3333
168.7385 101.3333 169.8462 103.0000 168.4308 102.7392
165.1692 107.0000 165.4153 105.8754 165.6615 107.0000
168.4308 102.7392 169.8462 103.0000 168.5308 104.5407
170.0923 105.4444 167.8769 106.2222 168.5308 104.5407
165.1692 107.0000 164.5728 105.0910 165.4153 105.8754
167.2678 105.0174 165.4153 105.8754 166.3460 104.0311
167.8769 106.2222 165.6615 107.0000 165.4153 105.8754
168.5308 104.5407 169.8462 103.0000 170.0923 105.4444
166.3460 104.0311 164.9167 103.6531 165.9692 102.0000
165.4153 105.8754 167.2678 105.0174 167.8769 106.2222
164.5728 105.0910 164.9167 103.6531 166.3460 104.0311
164.5728 105.0910 166.3460 104.0311 165.4153 105.8754
165.9692 102.0000 167.0561 102.8489 166.3460 104.0311
168.5308 104.5407 167.2678 105.0174 167.0561 102.8489
167.2678 105.0174 168.5308 104.5407 167.8769 106.2222
167.0561 102.8489 167.2678 105.0174 166.3460 104.0311
164.5728 105.0910 163.8154 102.6667 164.9167 103.6531
165.9692 102.0000 164.9167 103.6531 163.8154 102.6667
168.1231 101.3333 167.0561 102.8489 165.9692 102.0000
168.5308 104.5407 167.0561 102.8489 168.4308 102.7392
