59.6899 106.3782 60.8647 105.7755 61.7925 106.7150
60.1846 108.1111 59.6899 106.3782 61.7925 106.7150
62.3935 108.6517 60.1846 108.1111 61.7925 106.7150
57.1077 97.3333 59.1077 97.3333 57.6567 99.2565
64.9846 109.3333 63.3846 109.7777 63.7644 108.0428
61.4922 101.3518 62.7692 100.3333 63.1385 101.8333
60.3173 103.8396 59.1952 104.6454 58.7005 102.9125
62.5969 105.5107 64.2462 106.3333 63.0822 106.9279
64.9846 109.3333 63.7644 108.0428 64.2462 106.3333
60.8647 105.7755 60.3173 103.8396 61.4695 104.6017
59.1952 104.6454 60.3173 103.8396 60.8647 105.7755
62.3935 108.6517 61.7846 110.2222 60.9846 109.1667
62.7692 100.3333 61.4922 101.3518 60.8355 99.2184
59.6627 98.5590 59.2533 99.8406 57.6567 99.2565
63.0822 106.9279 62.3935 108.6517 61.7925 106.7150
62.4000 98.8333 60.8355 99.2184 62.0308 97.3333
60.3173 103.8396 60.0420 102.4463 61.8882 102.9365
63.8769 104.8333 62.5969 105.5107 63.5077 103.3333
62.5969 105.5107 63.0822 106.9279 61.7925 106.7150
62.3935 108.6517 63.7644 108.0428 63.3846 109.7777
63.0822 106.9279 63.7644 108.0428 62.3935 108.6517
61.7846 110.2222 62.3935 108.6517 63.3846 109.7777
62.3935 108.6517 60.9846 109.1667 60.1846 108.1111
60.8647 105.7755 62.5969 105.5107 61.7925 106.7150
64.2462 106.3333 63.7644 108.0428 63.0822 106.9279
59.1952 104.6454 60.8647 105.7755 59.6899 106.3782
62.5969 105.5107 60.8647 105.7755 61.4695 104.6017
60.0420 102.4463 58.2058 101.1796 60.0822 101.0266
61.4922 101.3518 63.1385 101.8333 61.8882 102.9365
61.8882 102.9365 63.1385 101.8333 63.5077 103.3333
63.5077 103.3333 61.4695 104.6017 61.8882 102.9365
60.3173 103.8396 61.8882 102.9365 61.4695 104.6017
59.2533 99.8406 60.0822 101.0266 58.2058 101.1796
58.2058 101.1796 57.6567 99.2565 59.2533 99.8406
61.8882 102.9365 60.0420 102.4463 61.4922 101.3518
62.0308 97.3333 60.8355 99.2184 59.6627 98.5590
59.6627 98.5590 57.6567 99.2565 59.1077 97.3333
60.0822 101.0266 60.8355 99.2184 61.4922 101.3518
58.7005 102.9125 58.2058 101.1796 60.0420 102.4463
60.8355 99.2184 60.0822 101.0266 59.2533 99.8406
62.0308 97.3333 59.6627 98.5590 59.1077 97.3333
60.8355 99.2184 59.2533 99.8406 59.6627 98.5590
62.7692 100.3333 60.8355 99.2184 62.4000 98.8333
60.3173 103.8396 58.7005 102.9125 60.0420 102.4463
61.4922 101.3518 60.0420 102.4463 60.0822 101.0266
62.5969 105.5107 63.8769 104.8333 64.2462 106.3333
63.5077 103.3333 62.5969 105.5107 61.4695 104.6017
