192.4923 105.1111 193.6000 105.7430 193.2396 106.9663
194.5890 110.3165 196.1984 110.3863 195.1912 111.8115
195.5577 108.7281 197.1077 109.0000 196.1984 110.3863
195.9077 107.0555 195.5577 108.7281 194.5568 107.5137
198.4573 111.1869 199.5077 112.8889 197.8926 113.2409
192.4923 105.1111 194.7077 105.1111 193.6000 105.7430
194.5568 107.5137 193.6000 105.7430 194.7077 105.1111
195.1912 111.8115 196.8897 111.8414 195.9385 113.6667
194.5568 107.5137 194.7077 105.1111 195.9077 107.0555
193.2396 106.9663 194.5568 107.5137 193.9868 108.8214
194.5568 107.5137 193.2396 106.9663 193.6000 105.7430
195.5577 108.7281 195.9077 107.0555 197.1077 109.0000
196.1984 110.3863 197.1077 109.0000 197.7825 110.0935
193.9868 108.8214 194.5568 107.5137 195.5577 108.7281
196.8897 111.8414 197.7825 110.0935 198.4573 111.1869
193.9868 108.8214 195.5577 108.7281 194.5890 110.3165
197.7825 110.0935 196.8897 111.8414 196.1984 110.3863
198.4573 111.1869 197.8926 113.2409 196.8897 111.8414
195.9385 113.6667 196.8897 111.8414 197.8926 113.2409
195.1912 111.8115 196.1984 110.3863 196.8897 111.8414
196.1984 110.3863 194.5890 110.3165 195.5577 108.7281
