169.0523 113.5088 170.3385 111.6667 170.9538 112.8889
167.8657 112.5471 166.2050 112.3588 166.8411 111.2434
166.7881 109.2117 168.2552 109.3977 168.1087 111.0391
170.7077 107.4444 169.8451 108.4326 168.7300 107.7420
168.2552 109.3977 168.7300 107.7420 169.8451 108.4326
167.4739 114.0234 167.8657 112.5471 169.0523 113.5088
168.2552 109.3977 169.8451 108.4326 169.4564 110.5259
165.8868 110.3842 166.8411 111.2434 166.2050 112.3588
167.4739 114.0234 166.5231 114.3333 166.2050 112.3588
165.5385 108.2222 167.5162 107.9246 166.7881 109.2117
167.8657 112.5471 170.3385 111.6667 169.0523 113.5088
166.2050 112.3588 167.8657 112.5471 167.4739 114.0234
170.3385 111.6667 167.8657 112.5471 168.1087 111.0391
170.3385 111.6667 169.4564 110.5259 170.5231 109.5556
166.8411 111.2434 165.8868 110.3842 166.7881 109.2117
167.8657 112.5471 166.8411 111.2434 168.1087 111.0391
170.3385 111.6667 168.1087 111.0391 169.4564 110.5259
169.4564 110.5259 168.1087 111.0391 168.2552 109.3977
168.1087 111.0391 166.8411 111.2434 166.7881 109.2117
168.7300 107.7420 168.2552 109.3977 167.5162 107.9246
165.5385 108.2222 166.7881 109.2117 165.8868 110.3842
167.5162 107.9246 168.2552 109.3977 166.7881 109.2117
170.7077 107.4444 170.5231 109.5556 169.8451 108.4326
169.8451 108.4326 170.5231 109.5556 169.4564 110.5259
