197.8999 118.9725 197.7846 119.5556 197.5385 119.4444
200.2462 116.5556 198.6012 115.4390 199.3846 114.5556
197.2923 118.4444 199.1721 118.1151 198.4783 118.8354
199.0490 116.7778 197.0462 117.4444 197.3909 116.2989
199.1721 118.1151 199.0490 116.7778 200.2462 117.0000
198.6012 115.4390 197.7846 114.5555 199.0154 114.3333
199.0490 116.7778 198.6012 115.4390 200.2462 116.5556
199.0490 116.7778 200.2462 116.5556 200.2462 117.0000
197.7846 119.5556 197.8999 118.9725 198.4783 118.8354
196.5538 115.4444 196.5538 114.7778 197.2495 115.1111
199.0154 114.3333 199.3846 114.5556 198.6012 115.4390
196.5538 115.4444 197.2495 115.1111 197.3909 116.2989
196.5538 114.7778 197.7846 114.5555 197.2495 115.1111
199.0490 116.7778 199.1721 118.1151 197.0462 117.4444
197.0462 117.4444 199.1721 118.1151 197.2923 118.4444
197.5385 119.4444 197.2923 118.4444 197.8999 118.9725
197.2923 118.4444 198.4783 118.8354 197.8999 118.9725
197.7846 114.5555 198.6012 115.4390 197.2495 115.1111
196.5538 115.4444 197.3909 116.2989 197.0462 117.4444
197.2495 115.1111 198.6012 115.4390 197.3909 116.2989
199.0490 116.7778 197.3909 116.2989 198.6012 115.4390
