130.3218 101.8738 131.8154 102.2223 130.7335 103.2165
129.7231 106.0000 130.9376 104.6717 131.1055 106.4637
131.3823 109.2375 132.1846 107.4444 132.9231 108.7778
133.0461 105.1111 131.1055 106.4637 130.9376 104.6717
132.1846 107.4444 131.3823 109.2375 130.0923 108.2778
129.7231 106.0000 131.1055 106.4637 130.0923 108.2778
133.1385 117.8056 134.1452 116.5327 135.2047 117.6041
134.7692 109.0000 133.6256 110.7210 132.9231 108.7778
130.3218 101.8738 128.9846 101.4444 131.2000 100.7778
133.0461 105.1111 133.6615 106.5556 132.1846 107.4444
132.5595 112.0839 132.0415 110.6787 133.6256 110.7210
132.0415 110.6787 131.3823 109.2375 132.9231 108.7778
133.6256 110.7210 132.0415 110.6787 132.9231 108.7778
133.6256 110.7210 135.1231 110.3195 135.4769 111.6389
133.6256 110.7210 134.7692 109.0000 135.1231 110.3195
131.3538 112.9723 132.9117 113.7701 132.2462 115.3889
130.0923 108.2778 131.1055 106.4637 132.1846 107.4444
129.7231 106.0000 129.3538 103.7222 130.9376 104.6717
132.4307 103.6667 133.0461 105.1111 130.9376 104.6717
132.1846 107.4444 131.1055 106.4637 133.0461 105.1111
132.9117 113.7701 135.2278 113.1200 134.2377 114.9125
130.4615 110.5556 130.0923 108.2778 131.3823 109.2375
135.2047 117.6041 134.1452 116.5327 135.7319 116.1926
132.5595 112.0839 133.6256 110.7210 134.0539 112.1832
132.0415 110.6787 130.4615 110.5556 131.3823 109.2375
135.4769 111.6389 134.0539 112.1832 133.6256 110.7210
134.2377 114.9125 132.2462 115.3889 132.9117 113.7701
131.3538 112.9723 130.4615 110.5556 132.0415 110.6787
130.9376 104.6717 130.7335 103.2165 132.4307 103.6667
130.7335 103.2165 130.9376 104.6717 129.3538 103.7222
130.3218 101.8738 129.3538 103.7222 128.9846 101.4444
132.4307 103.6667 130.7335 103.2165 131.8154 102.2223
135.2278 113.1200 134.0539 112.1832 135.4769 111.6389
135.4769 111.6389 136.1846 114.2778 135.2278 113.1200
136.1846 114.2778 134.2377 114.9125 135.2278 113.1200
135.7319 116.1926 134.2377 114.9125 136.1846 114.2778
132.2462 115.3889 134.2377 114.9125 134.1452 116.5327
134.2239 118.7778 135.2047 117.6041 136.1331 118.5799
134.0308 120.2222 134.2239 118.7778 135.8154 119.8889
131.8154 102.2223 130.3218 101.8738 131.2000 100.7778
129.3538 103.7222 130.3218 101.8738 130.7335 103.2165
136.1846 114.2778 137.0819 117.6239 135.7319 116.1926
136.1331 118.5799 137.6000 119.5556 135.8154 119.8889
132.2462 115.3889 134.1452 116.5327 133.1385 117.8056
134.2377 114.9125 135.7319 116.1926 134.1452 116.5327
137.0819 117.6239 135.2047 117.6041 135.7319 116.1926
135.2047 117.6041 137.0819 117.6239 136.1331 118.5799
134.0308 120.2222 133.1385 117.8056 134.2239 118.7778
135.2047 117.6041 134.2239 118.7778 133.1385 117.8056
132.5595 112.0839 132.9117 113.7701 131.3538 112.9723
135.2278 113.1200 132.9117 113.7701 134.0539 112.1832
134.2239 118.7778 136.1331 118.5799 135.8154 119.8889
137.6000 119.5556 136.1331 118.5799 137.0819 117.6239
132.9117 113.7701 132.5595 112.0839 134.0539 112.1832
131.3538 112.9723 132.0415 110.6787 132.5595 112.0839
