97.9430 113.0787 99.6923 113.6667 98.0308 114.3889
96.4907 107.2856 98.2636 106.6190 98.0361 108.6043
99.8769 107.6111 100.4616 109.0277 98.0361 108.6043
96.4907 107.2856 95.0154 105.8889 96.8615 105.3334
102.4647 114.0121 100.0006 115.0157 102.0308 113.1111
96.7385 112.5556 97.8326 110.9564 97.9430 113.0787
103.0113 118.5958 104.4923 118.2222 103.9969 119.7627
100.0006 115.0157 98.0308 114.3889 99.6923 113.6667
103.0113 118.5958 103.8769 116.9444 104.4923 118.2222
102.4647 114.0121 101.2463 115.6180 100.0006 115.0157
100.8000 121.1111 102.2978 120.1982 103.3846 121.6667
102.2978 120.1982 101.5249 118.1538 103.0113 118.5958
99.3231 116.2222 101.2463 115.6180 100.6147 116.9706
102.2978 120.1982 103.0113 118.5958 103.9969 119.7627
102.2267 116.7710 103.8769 116.9444 103.0113 118.5958
103.3846 121.6667 102.2978 120.1982 103.9969 119.7627
100.6147 116.9706 100.0615 118.6667 99.3231 116.2222
101.5249 118.1538 102.2267 116.7710 103.0113 118.5958
101.5249 118.1538 102.2978 120.1982 100.9809 119.7227
97.8326 110.9564 99.2230 110.3267 98.8308 112.1111
101.2463 115.6180 102.4647 114.0121 103.2615 115.6667
102.2267 116.7710 101.2463 115.6180 103.2615 115.6667
100.0006 115.0157 101.2463 115.6180 99.3231 116.2222
98.2636 106.6190 98.7077 104.7778 99.8769 107.6111
97.8326 110.9564 96.7385 112.5556 96.3077 110.8889
102.2978 120.1982 100.8000 121.1111 100.9809 119.7227
103.8769 116.9444 102.2267 116.7710 103.2615 115.6667
100.8000 121.1111 100.0615 118.6667 100.9809 119.7227
101.5249 118.1538 100.9809 119.7227 100.0615 118.6667
100.6147 116.9706 102.2267 116.7710 101.5249 118.1538
98.0308 114.3889 100.0006 115.0157 99.3231 116.2222
100.0006 115.0157 99.6923 113.6667 102.0308 113.1111
98.8308 112.1111 99.2230 110.3267 101.0462 110.4444
97.1862 109.7156 95.8769 109.2223 98.0361 108.6043
100.4616 109.0277 101.0462 110.4444 99.2230 110.3267
97.8326 110.9564 97.1862 109.7156 99.2230 110.3267
96.4907 107.2856 98.0361 108.6043 95.8769 109.2223
98.0361 108.6043 100.4616 109.0277 99.2230 110.3267
97.8326 110.9564 98.8308 112.1111 97.9430 113.0787
102.2267 116.7710 100.6147 116.9706 101.2463 115.6180
100.0615 118.6667 100.6147 116.9706 101.5249 118.1538
95.8769 109.2223 95.0154 105.8889 96.4907 107.2856
98.2636 106.6190 96.8615 105.3334 98.7077 104.7778
96.3077 110.8889 95.8769 109.2223 97.1862 109.7156
99.2230 110.3267 97.1862 109.7156 98.0361 108.6043
96.3077 110.8889 97.1862 109.7156 97.8326 110.9564
99.6923 113.6667 97.9430 113.0787 98.8308 112.1111
98.0308 114.3889 96.7385 112.5556 97.9430 113.0787
98.0361 108.6043 98.2636 106.6190 99.8769 107.6111
96.8615 105.3334 98.2636 106.6190 96.4907 107.2856
