157.6000 65.0000 158.7158 65.1632 158.3242 66.3298
158.3242 66.3298 159.3231 65.6112 159.5077 66.6667
157.1385 71.7222 156.5056 69.5287 157.8977 69.8081
155.5693 71.2247 155.3231 72.3333 154.7796 70.4086
155.3094 67.5534 154.2514 68.5376 153.7231 66.6667
155.8154 72.3333 155.3231 72.3333 155.5693 71.2247
158.3242 66.3298 156.3077 65.5555 157.6000 65.0000
159.3231 65.6112 158.7158 65.1632 159.1385 64.5556
154.7796 70.4086 156.5056 69.5287 155.5693 71.2247
159.1385 64.5556 158.7158 65.1632 158.8923 64.4444
158.4615 71.1111 159.5017 69.8874 161.1077 69.8889
156.5056 69.5287 154.7796 70.4086 154.2514 68.5376
158.3242 66.3298 158.7158 65.1632 159.3231 65.6112
157.6000 65.0000 158.8923 64.4444 158.7158 65.1632
158.3242 66.3298 158.3562 68.4644 156.7484 67.4209
155.3094 67.5534 156.3077 65.5555 156.7484 67.4209
153.7231 66.6667 154.6418 66.2717 155.3094 67.5534
157.1385 71.7222 155.5693 71.2247 156.5056 69.5287
156.7484 67.4209 156.3077 65.5555 158.3242 66.3298
158.3562 68.4644 158.3242 66.3298 159.5077 66.6667
160.3077 68.2778 161.1077 69.8889 159.5017 69.8874
157.1385 71.7222 157.8977 69.8081 158.4615 71.1111
155.8154 72.3333 155.5693 71.2247 157.1385 71.7222
156.5056 69.5287 156.7484 67.4209 158.3562 68.4644
155.3094 67.5534 156.5056 69.5287 154.2514 68.5376
158.3562 68.4644 159.5077 66.6667 160.3077 68.2778
156.5056 69.5287 158.3562 68.4644 157.8977 69.8081
158.3562 68.4644 160.3077 68.2778 159.5017 69.8874
158.4615 71.1111 157.8977 69.8081 159.5017 69.8874
159.5017 69.8874 157.8977 69.8081 158.3562 68.4644
156.3077 65.5555 155.3094 67.5534 154.6418 66.2717
156.5056 69.5287 155.3094 67.5534 156.7484 67.4209
