63.4425 112.9228 62.8923 111.0000 64.1920 111.6682
81.2950 105.9125 79.1385 106.2222 79.5077 104.6667
65.3352 114.7947 63.9928 114.8456 65.2103 113.4571
66.5510 112.1872 66.9623 113.9641 65.2103 113.4571
70.2769 121.5556 71.4547 120.1722 72.2619 121.7999
68.6254 120.8723 68.3583 122.3741 67.1966 121.0926
67.6512 115.1807 68.9040 113.6680 68.8287 115.9345
76.1147 114.5105 76.5427 116.4854 74.6705 115.0413
71.9924 116.6184 71.5661 114.8910 73.0959 115.4298
64.1920 111.6682 62.8923 111.0000 64.9231 110.4028
63.9928 114.8456 63.4425 112.9228 65.2103 113.4571
66.5510 112.1872 64.1920 111.6682 64.9231 110.4028
64.1920 111.6682 66.5510 112.1872 65.2103 113.4571
64.9231 110.4028 66.9539 109.8055 67.3090 111.0905
74.1788 116.4336 76.5427 116.4854 75.4459 117.7718
69.6581 110.7228 71.0218 111.0691 70.2749 112.2614
70.2829 117.1117 70.3912 118.3854 68.5514 117.7640
81.7075 116.9232 83.0836 118.0845 81.1127 118.4244
88.0856 106.1606 86.2495 105.1368 88.1138 104.1373
82.9245 105.5607 83.9036 104.3027 84.9244 105.1475
80.9231 104.3334 82.3385 104.0000 81.2950 105.9125
66.6723 117.8443 66.3453 115.6804 67.6512 115.1807
67.3865 119.5842 65.7538 121.0000 65.2769 119.3333
64.1920 111.6682 65.2103 113.4571 63.4425 112.9228
66.3453 115.6804 65.3352 114.7947 66.9623 113.9641
66.9623 113.9641 68.4209 111.8259 68.9040 113.6680
70.1341 115.2466 70.2829 117.1117 68.8287 115.9345
68.5514 117.7640 68.8287 115.9345 70.2829 117.1117
63.9928 114.8456 65.3352 114.7947 64.8000 117.6667
66.9623 113.9641 65.3352 114.7947 65.2103 113.4571
64.8000 117.6667 65.3352 114.7947 66.3453 115.6804
68.4209 111.8259 70.2749 112.2614 68.9040 113.6680
66.6723 117.8443 68.8287 115.9345 68.5514 117.7640
72.3097 110.5028 73.7334 110.5310 74.1272 111.8994
70.4527 113.8059 70.1341 115.2466 68.9040 113.6680
66.3453 115.6804 66.9623 113.9641 67.6512 115.1807
68.9040 113.6680 67.6512 115.1807 66.9623 113.9641
68.4209 111.8259 66.9623 113.9641 66.5510 112.1872
68.9040 113.6680 70.2749 112.2614 70.4527 113.8059
66.5510 112.1872 67.3090 111.0905 68.4209 111.8259
69.6581 110.7228 70.2749 112.2614 68.4209 111.8259
71.5661 114.8910 70.4527 113.8059 72.5342 112.7839
70.2829 117.1117 71.6694 118.3680 70.3912 118.3854
64.9231 110.4028 67.3090 111.0905 66.5510 112.1872
68.9846 109.2083 69.6581 110.7228 67.3090 111.0905
67.3090 111.0905 66.9539 109.8055 68.9846 109.2083
72.5342 112.7839 70.4527 113.8059 70.2749 112.2614
70.1341 115.2466 70.4527 113.8059 71.5661 114.8910
68.4209 111.8259 67.3090 111.0905 69.6581 110.7228
73.5654 113.9476 72.5342 112.7839 74.1272 111.8994
70.2829 117.1117 70.1341 115.2466 71.9924 116.6184
68.9040 113.6680 70.1341 115.2466 68.8287 115.9345
71.9924 116.6184 71.6694 118.3680 70.2829 117.1117
71.4547 120.1722 69.5329 119.3326 70.3912 118.3854
71.9924 116.6184 70.1341 115.2466 71.5661 114.8910
70.3912 118.3854 71.6694 118.3680 71.4547 120.1722
71.5661 114.8910 73.5654 113.9476 73.0959 115.4298
71.6694 118.3680 71.9924 116.6184 73.7571 117.8488
67.3865 119.5842 69.5329 119.3326 68.6254 120.8723
66.6723 117.8443 67.3865 119.5842 65.2769 119.3333
75.4964 113.1015 73.5654 113.9476 74.1272 111.8994
74.1788 116.4336 71.9924 116.6184 73.0959 115.4298
77.7477 117.0076 79.1418 118.7644 77.1709 119.1044
73.9771 122.0111 75.3745 120.4291 75.6923 122.2222
68.5514 117.7640 70.3912 118.3854 69.5329 119.3326
68.5514 117.7640 69.5329 119.3326 67.3865 119.5842
66.6723 117.8443 67.6512 115.1807 68.8287 115.9345
73.5654 113.9476 71.5661 114.8910 72.5342 112.7839
74.1788 116.4336 73.0959 115.4298 74.6705 115.0413
73.7334 110.5310 72.2738 109.1387 74.5457 109.3616
74.6705 115.0413 73.0959 115.4298 73.5654 113.9476
77.4754 112.2474 75.4964 113.1015 75.7144 111.0046
71.9924 116.6184 74.1788 116.4336 73.7571 117.8488
77.1077 106.8194 76.2864 107.7780 75.0769 107.4167
74.5457 109.3616 76.6426 108.9891 75.7144 111.0046
75.4964 113.1015 74.6705 115.0413 73.5654 113.9476
76.5427 116.4854 74.1788 116.4336 74.6705 115.0413
79.1405 111.2782 77.4754 112.2474 77.3605 110.5412
76.1147 114.5105 74.6705 115.0413 75.4964 113.1015
81.2950 105.9125 82.3385 104.0000 82.9245 105.5607
77.3605 110.5412 75.7144 111.0046 76.6426 108.9891
68.6254 120.8723 69.5329 119.3326 70.2769 121.5556
66.6723 117.8443 65.2769 119.3333 64.8000 117.6667
76.1147 114.5105 77.4754 112.2474 77.6491 114.3958
75.2000 119.4444 73.7571 117.8488 75.4459 117.7718
77.7477 117.0076 77.6491 114.3958 78.9136 116.4031
76.7535 117.8619 77.1709 119.1044 75.2000 119.4444
81.2950 105.9125 79.5077 104.6667 80.9231 104.3334
90.8308 102.0000 91.3371 103.9349 89.9067 103.6975
77.4754 112.2474 78.9448 112.8570 77.6491 114.3958
75.0769 107.4167 74.5457 109.3616 73.0462 108.0139
68.9846 109.2083 71.0154 108.6111 69.6581 110.7228
72.2738 109.1387 71.0218 111.0691 71.0154 108.6111
75.2000 119.4444 73.4070 120.2181 72.9189 118.9355
72.2619 121.7999 73.4070 120.2181 73.9771 122.0111
69.5329 119.3326 71.4547 120.1722 70.2769 121.5556
71.6694 118.3680 73.7571 117.8488 72.9189 118.9355
72.2619 121.7999 71.4547 120.1722 73.4070 120.2181
71.4547 120.1722 71.6694 118.3680 72.9189 118.9355
75.2000 119.4444 75.3745 120.4291 73.4070 120.2181
79.1385 106.2222 78.6413 108.2829 77.1077 106.8194
77.4754 112.2474 75.7144 111.0046 77.3605 110.5412
74.1272 111.8994 72.5342 112.7839 72.3097 110.5028
75.7144 111.0046 75.4964 113.1015 74.1272 111.8994
72.5342 112.7839 70.2749 112.2614 71.0218 111.0691
73.0462 108.0139 72.2738 109.1387 71.0154 108.6111
71.0154 108.6111 71.0218 111.0691 69.6581 110.7228
72.5342 112.7839 71.0218 111.0691 72.3097 110.5028
66.8376 122.4930 68.3583 122.3741 67.9961 123.9288
67.3865 119.5842 68.6254 120.8723 67.1966 121.0926
69.0462 124.7778 67.9961 123.9288 69.6616 123.1667
68.3583 122.3741 66.8376 122.4930 67.1966 121.0926
69.0462 124.7778 66.7077 124.3333 67.9961 123.9288
66.8376 122.4930 67.9961 123.9288 66.7077 124.3333
66.7077 124.3333 65.7538 121.0000 66.8376 122.4930
66.8376 122.4930 65.7538 121.0000 67.1966 121.0926
67.3865 119.5842 67.1966 121.0926 65.7538 121.0000
68.3583 122.3741 70.2769 121.5556 69.6616 123.1667
66.3453 115.6804 66.6723 117.8443 64.8000 117.6667
68.5514 117.7640 67.3865 119.5842 66.6723 117.8443
77.4754 112.2474 76.1147 114.5105 75.4964 113.1015
76.5427 116.4854 76.1147 114.5105 77.6491 114.3958
76.2864 107.7780 78.6413 108.2829 76.6426 108.9891
80.4407 107.6267 78.6413 108.2829 79.1385 106.2222
77.4754 112.2474 79.1405 111.2782 78.9448 112.8570
79.1418 118.7644 79.9377 117.4958 81.1127 118.4244
74.1788 116.4336 75.4459 117.7718 73.7571 117.8488
76.5427 116.4854 77.7477 117.0076 76.7535 117.8619
76.7535 117.8619 75.2000 119.4444 75.4459 117.7718
77.6491 114.3958 77.7477 117.0076 76.5427 116.4854
77.7477 117.0076 78.9136 116.4031 79.9377 117.4958
83.9036 104.3027 82.9245 105.5607 82.3385 104.0000
82.9245 105.5607 84.3880 106.3592 82.6656 107.7755
82.3385 104.0000 85.1693 103.3333 83.9036 104.3027
85.1693 103.3333 86.2495 105.1368 84.9244 105.1475
81.6669 114.2256 82.7868 115.7221 80.9299 115.5080
80.9299 115.5080 79.9377 117.4958 78.9136 116.4031
86.2495 105.1368 86.7313 103.6229 88.1138 104.1373
90.6724 105.1425 89.9067 103.6975 91.3371 103.9349
89.1690 109.5845 88.9988 111.0712 87.6743 109.5124
74.5457 109.3616 75.0769 107.4167 76.2864 107.7780
75.7144 111.0046 74.1272 111.8994 73.7334 110.5310
73.4070 120.2181 75.3745 120.4291 73.9771 122.0111
75.2000 119.4444 72.9189 118.9355 73.7571 117.8488
71.4547 120.1722 72.9189 118.9355 73.4070 120.2181
78.6413 108.2829 76.2864 107.7780 77.1077 106.8194
74.5457 109.3616 76.2864 107.7780 76.6426 108.9891
81.2950 105.9125 80.4407 107.6267 79.1385 106.2222
82.6656 107.7755 80.4407 107.6267 81.2950 105.9125
74.5457 109.3616 72.2738 109.1387 73.0462 108.0139
71.0218 111.0691 72.2738 109.1387 72.3097 110.5028
78.6413 108.2829 78.7052 109.8115 76.6426 108.9891
80.1657 109.9835 79.1405 111.2782 78.7052 109.8115
88.0000 102.6667 89.9067 103.6975 88.1138 104.1373
77.6491 114.3958 79.1575 114.8475 78.9136 116.4031
78.7052 109.8115 79.1405 111.2782 77.3605 110.5412
82.4975 113.0017 80.2565 112.3161 81.0628 111.1487
76.6426 108.9891 78.7052 109.8115 77.3605 110.5412
78.6413 108.2829 80.4407 107.6267 79.8310 108.7500
80.2716 113.7348 80.2565 112.3161 82.4975 113.0017
80.2565 112.3161 79.1405 111.2782 81.0628 111.1487
78.9448 112.8570 80.2716 113.7348 79.1575 114.8475
80.2716 113.7348 78.9448 112.8570 80.2565 112.3161
79.1405 111.2782 80.2565 112.3161 78.9448 112.8570
84.6255 112.4208 82.4975 113.0017 83.2841 111.6954
83.0836 118.0845 81.7075 116.9232 83.8099 116.7934
79.9377 117.4958 80.9299 115.5080 81.7075 116.9232
78.9136 116.4031 79.1575 114.8475 80.9299 115.5080
76.5427 116.4854 76.7535 117.8619 75.4459 117.7718
77.7477 117.0076 77.1709 119.1044 76.7535 117.8619
86.6583 115.8414 85.9434 117.5911 84.7760 115.6704
72.2738 109.1387 73.7334 110.5310 72.3097 110.5028
75.7144 111.0046 73.7334 110.5310 74.5457 109.3616
81.2950 105.9125 82.9245 105.5607 82.6656 107.7755
80.1657 109.9835 79.8310 108.7500 81.4486 109.2646
83.8714 110.0029 82.6656 107.7755 84.4839 108.2313
80.1657 109.9835 81.4486 109.2646 81.0628 111.1487
78.9448 112.8570 79.1575 114.8475 77.6491 114.3958
79.1575 114.8475 80.2716 113.7348 80.9299 115.5080
80.2716 113.7348 81.6669 114.2256 80.9299 115.5080
81.6669 114.2256 82.4975 113.0017 83.4347 114.2777
80.2716 113.7348 82.4975 113.0017 81.6669 114.2256
83.4347 114.2777 82.7868 115.7221 81.6669 114.2256
84.6417 113.7415 82.4975 113.0017 84.6255 112.4208
84.6417 113.7415 84.7760 115.6704 83.4347 114.2777
83.4347 114.2777 82.4975 113.0017 84.6417 113.7415
82.7868 115.7221 81.7075 116.9232 80.9299 115.5080
81.4486 109.2646 82.4132 110.4437 81.0628 111.1487
88.5933 107.7514 86.5799 108.5937 86.7601 107.1761
89.6944 115.2751 88.8033 117.0978 87.9827 116.0396
81.0628 111.1487 82.4132 110.4437 83.2841 111.6954
91.6632 116.6044 89.6944 115.2751 91.2143 114.5938
77.7477 117.0076 79.9377 117.4958 79.1418 118.7644
83.4347 114.2777 84.7760 115.6704 82.7868 115.7221
86.4032 111.1150 87.0206 112.7521 84.6255 112.4208
89.3896 113.6375 87.7159 114.3577 87.0206 112.7521
79.9377 117.4958 81.7075 116.9232 81.1127 118.4244
81.7075 116.9232 82.7868 115.7221 83.8099 116.7934
80.4407 107.6267 82.6656 107.7755 81.4486 109.2646
82.6656 107.7755 83.8714 110.0029 82.4132 110.4437
79.1405 111.2782 80.1657 109.9835 81.0628 111.1487
78.7052 109.8115 78.6413 108.2829 79.8310 108.7500
84.4839 108.2313 82.6656 107.7755 84.3880 106.3592
86.4032 111.1150 84.6255 112.4208 84.9461 110.9943
81.4486 109.2646 79.8310 108.7500 80.4407 107.6267
78.7052 109.8115 79.8310 108.7500 80.1657 109.9835
82.6656 107.7755 82.4132 110.4437 81.4486 109.2646
84.9461 110.9943 83.2841 111.6954 83.8714 110.0029
84.6255 112.4208 85.9114 114.1052 84.6417 113.7415
84.7760 115.6704 84.6417 113.7415 85.9114 114.1052
86.6583 115.8414 84.7760 115.6704 85.9114 114.1052
83.8099 116.7934 85.9434 117.5911 83.0836 118.0845
87.7159 114.3577 86.6583 115.8414 85.9114 114.1052
87.3734 117.3444 85.9434 117.5911 86.6583 115.8414
82.7868 115.7221 84.7760 115.6704 83.8099 116.7934
85.9434 117.5911 83.8099 116.7934 84.7760 115.6704
89.3896 113.6375 87.0206 112.7521 87.7089 111.5576
92.9737 115.6655 91.2143 114.5938 92.6471 114.0490
87.9827 116.0396 87.3734 117.3444 86.6583 115.8414
87.0206 112.7521 87.7159 114.3577 85.9114 114.1052
91.6632 116.6044 91.2143 114.5938 92.9737 115.6655
84.6255 112.4208 87.0206 112.7521 85.9114 114.1052
87.0206 112.7521 86.4032 111.1150 87.7089 111.5576
92.6471 114.0490 93.6895 112.9253 94.1063 114.5182
94.5231 116.1111 91.6632 116.6044 92.9737 115.6655
88.9988 111.0712 87.7089 111.5576 87.6743 109.5124
90.9622 110.5394 88.9988 111.0712 89.1690 109.5845
87.3734 117.3444 87.9827 116.0396 88.8033 117.0978
87.7159 114.3577 87.9827 116.0396 86.6583 115.8414
89.3896 113.6375 90.7373 113.2849 91.2143 114.5938
87.6743 109.5124 87.7089 111.5576 86.4032 111.1150
89.3896 113.6375 87.7089 111.5576 88.9988 111.0712
83.8714 110.0029 84.4839 108.2313 85.5606 109.5952
90.1778 106.7406 90.3094 108.6155 88.5933 107.7514
90.2514 111.8052 91.9139 112.5389 90.7373 113.2849
90.9622 110.5394 90.2514 111.8052 88.9988 111.0712
91.9139 112.5389 90.2514 111.8052 90.9622 110.5394
85.4095 107.2453 84.4839 108.2313 84.3880 106.3592
85.5606 109.5952 86.4032 111.1150 84.9461 110.9943
82.9245 105.5607 84.9244 105.1475 84.3880 106.3592
89.1690 109.5845 88.5933 107.7514 90.3094 108.6155
84.4839 108.2313 85.4095 107.2453 86.5799 108.5937
87.6743 109.5124 86.4032 111.1150 85.5606 109.5952
85.4095 107.2453 84.3880 106.3592 84.9244 105.1475
85.4095 107.2453 86.7601 107.1761 86.5799 108.5937
83.2841 111.6954 84.9461 110.9943 84.6255 112.4208
85.5606 109.5952 84.9461 110.9943 83.8714 110.0029
81.0628 111.1487 83.2841 111.6954 82.4975 113.0017
83.8714 110.0029 83.2841 111.6954 82.4132 110.4437
88.5933 107.7514 89.1690 109.5845 87.6743 109.5124
91.5418 109.2700 92.3496 107.8046 92.8559 109.7394
87.6743 109.5124 85.5606 109.5952 86.5799 108.5937
86.5799 108.5937 85.5606 109.5952 84.4839 108.2313
87.6743 109.5124 86.5799 108.5937 88.5933 107.7514
89.1690 109.5845 90.3094 108.6155 90.9622 110.5394
86.7601 107.1761 88.0856 106.1606 88.5933 107.7514
90.1778 106.7406 92.3496 107.8046 90.3094 108.6155
86.2495 105.1368 88.0856 106.1606 86.7601 107.1761
90.1778 106.7406 88.0856 106.1606 89.2999 105.0143
86.2495 105.1368 86.7601 107.1761 85.4095 107.2453
86.7313 103.6229 86.2495 105.1368 85.1693 103.3333
88.0856 106.1606 90.1778 106.7406 88.5933 107.7514
90.6724 105.1425 90.1778 106.7406 89.2999 105.0143
93.6895 112.9253 91.9139 112.5389 93.2727 111.3324
89.3896 113.6375 88.9988 111.0712 90.2514 111.8052
90.1778 106.7406 91.8433 105.8697 92.3496 107.8046
90.9622 110.5394 90.3094 108.6155 91.5418 109.2700
91.8433 105.8697 90.6724 105.1425 91.3371 103.9349
90.1778 106.7406 90.6724 105.1425 91.8433 105.8697
89.9067 103.6975 90.6724 105.1425 89.2999 105.0143
93.2727 111.3324 91.9139 112.5389 90.9622 110.5394
94.1063 114.5182 94.5231 116.1111 92.9737 115.6655
90.9622 110.5394 92.8559 109.7394 93.2727 111.3324
92.6471 114.0490 91.9139 112.5389 93.6895 112.9253
89.6944 115.2751 89.3896 113.6375 91.2143 114.5938
91.6632 116.6044 90.2333 116.8511 89.6944 115.2751
87.7159 114.3577 89.3896 113.6375 89.6944 115.2751
92.9737 115.6655 92.6471 114.0490 94.1063 114.5182
92.6471 114.0490 91.2143 114.5938 90.7373 113.2849
85.1693 103.3333 84.9244 105.1475 83.9036 104.3027
85.4095 107.2453 84.9244 105.1475 86.2495 105.1368
85.1693 103.3333 88.0000 102.6667 86.7313 103.6229
88.1138 104.1373 86.7313 103.6229 88.0000 102.6667
89.9067 103.6975 88.0000 102.6667 89.4154 102.3333
88.0856 106.1606 88.1138 104.1373 89.2999 105.0143
92.3496 107.8046 91.5418 109.2700 90.3094 108.6155
92.8559 109.7394 90.9622 110.5394 91.5418 109.2700
88.1138 104.1373 89.9067 103.6975 89.2999 105.0143
90.8308 102.0000 89.9067 103.6975 89.4154 102.3333
90.2514 111.8052 90.7373 113.2849 89.3896 113.6375
92.6471 114.0490 90.7373 113.2849 91.9139 112.5389
70.2769 121.5556 68.3583 122.3741 68.6254 120.8723
67.9961 123.9288 68.3583 122.3741 69.6616 123.1667
88.8033 117.0978 89.6944 115.2751 90.2333 116.8511
87.7159 114.3577 89.6944 115.2751 87.9827 116.0396
