138.4615 122.1111 138.8308 123.0000 137.7080 122.9453
137.7080 122.9453 138.8308 123.0000 138.8308 123.5556
137.7080 122.9453 138.8308 123.5556 138.2154 124.2222
135.2620 124.0494 134.7692 122.1111 136.4307 122.0000
138.4155 125.4742 137.0283 126.0467 136.7203 124.4509
138.1539 128.5555 138.2380 127.0109 139.8154 128.2222
136.7203 124.4509 137.7080 122.9453 138.2154 124.2222
138.4615 122.1111 137.7080 122.9453 138.0923 121.8889
138.4155 125.4742 138.2154 124.2222 139.5692 126.0000
136.4307 122.0000 138.0923 121.8889 137.7080 122.9453
138.4155 125.4742 136.7203 124.4509 138.2154 124.2222
136.7203 124.4509 136.4307 122.0000 137.7080 122.9453
135.6308 125.5000 135.2620 124.0494 136.7203 124.4509
136.7203 124.4509 135.2620 124.0494 136.4307 122.0000
138.2380 127.0109 139.5692 126.0000 139.8154 128.2222
135.6308 125.5000 137.0283 126.0467 136.0615 127.1945
138.2380 127.0109 136.0615 127.1945 137.0283 126.0467
138.1539 128.5555 136.4923 128.8889 136.0615 127.1945
136.7203 124.4509 137.0283 126.0467 135.6308 125.5000
138.2380 127.0109 137.0283 126.0467 138.4155 125.4742
139.5692 126.0000 138.2380 127.0109 138.4155 125.4742
136.0615 127.1945 138.2380 127.0109 138.1539 128.5555
