104.6235 123.4946 103.3649 125.0771 102.6346 123.9089
103.3649 125.0771 105.3156 124.5448 103.9646 126.5116
104.6235 123.4946 104.7385 122.4444 105.1077 122.5556
105.4769 128.8889 104.4026 128.0034 105.7231 128.4444
105.1077 122.5556 105.3156 124.5448 104.6235 123.4946
102.8923 122.5556 104.7385 122.4444 104.6235 123.4946
102.6346 123.9089 101.0462 122.6667 102.8923 122.5556
104.6235 123.4946 105.3156 124.5448 103.3649 125.0771
103.3649 125.0771 103.9646 126.5116 101.6615 126.1667
105.7231 128.4444 104.4026 128.0034 105.5193 126.4946
105.3156 124.5448 105.5193 126.4946 103.9646 126.5116
102.6346 123.9089 101.3539 124.4167 101.0462 122.6667
102.2769 129.6667 103.1628 128.6089 105.4769 128.8889
103.9646 126.5116 101.9692 127.9167 101.6615 126.1667
101.6615 126.1667 101.3539 124.4167 103.3649 125.0771
105.5193 126.4946 104.4026 128.0034 103.9646 126.5116
104.4026 128.0034 103.1628 128.6089 103.9646 126.5116
103.1628 128.6089 101.9692 127.9167 103.9646 126.5116
104.6235 123.4946 102.6346 123.9089 102.8923 122.5556
103.3649 125.0771 101.3539 124.4167 102.6346 123.9089
102.2769 129.6667 101.9692 127.9167 103.1628 128.6089
105.4769 128.8889 103.1628 128.6089 104.4026 128.0034
