199.3937 121.2223 198.7692 121.6667 198.7692 120.7778
199.3937 121.2223 199.0154 120.5556 199.8769 120.5556
198.7692 120.7778 199.0154 120.5556 199.3937 121.2223
201.7231 122.3333 200.1582 124.5498 199.8272 122.4923
199.8272 122.4923 200.4923 120.8889 201.7231 122.3333
200.6154 129.7778 201.1475 128.5903 201.2308 129.8889
199.8769 120.5556 200.4923 120.8889 199.3937 121.2223
202.7692 125.6667 203.2923 127.3333 201.6426 126.9357
202.7944 128.5034 203.2923 127.3333 203.8154 129.0000
200.1582 124.5498 201.0945 125.6426 199.6923 125.7223
203.5692 129.3333 202.7944 128.5034 203.8154 129.0000
199.8272 122.4923 199.2308 123.6945 198.7692 121.6667
202.7944 128.5034 201.1475 128.5903 201.6426 126.9357
201.2308 129.8889 202.7944 128.5034 203.5692 129.3333
200.6154 129.7778 200.1538 127.7500 201.1475 128.5903
200.1582 124.5498 202.2462 124.0000 201.0945 125.6426
199.8272 122.4923 198.7692 121.6667 199.3937 121.2223
201.1475 128.5903 200.1538 127.7500 201.6426 126.9357
202.7944 128.5034 201.2308 129.8889 201.1475 128.5903
201.0945 125.6426 202.7692 125.6667 201.6426 126.9357
200.1582 124.5498 199.2308 123.6945 199.8272 122.4923
200.4923 120.8889 199.8272 122.4923 199.3937 121.2223
201.6426 126.9357 203.2923 127.3333 202.7944 128.5034
201.0945 125.6426 200.1538 127.7500 199.6923 125.7223
201.7231 122.3333 202.2462 124.0000 200.1582 124.5498
199.6923 125.7223 199.2308 123.6945 200.1582 124.5498
202.7692 125.6667 201.0945 125.6426 202.2462 124.0000
200.1538 127.7500 201.0945 125.6426 201.6426 126.9357
