105.6000 131.0000 105.7231 130.8889 105.8541 131.1018
106.3385 131.8889 105.5027 132.3041 105.5804 131.4171
105.8541 131.1018 105.5804 131.4171 105.6000 131.0000
105.9777 133.0572 105.5027 132.3041 106.3385 132.6111
106.2154 133.4444 105.9777 133.0572 106.3385 133.3333
106.0923 134.8889 105.1077 134.7778 106.1348 134.3907
105.1077 134.7778 105.2510 133.7700 106.1348 134.3907
105.5804 131.4171 105.1077 131.0000 105.6000 131.0000
106.3385 133.3333 105.9777 133.0572 106.3385 132.6111
106.3385 131.8889 105.5804 131.4171 105.9852 131.3147
105.8541 131.1018 105.9852 131.3147 105.5804 131.4171
106.3385 131.8889 106.3385 132.6111 105.5027 132.3041
105.5804 131.4171 105.5027 132.3041 105.1077 131.0000
105.2510 133.7700 105.9777 133.0572 106.2154 133.4444
106.2154 133.4444 106.1348 134.3907 105.2510 133.7700
105.5027 132.3041 104.0655 132.8059 105.1077 131.0000
105.1077 134.7778 103.5077 134.2222 105.2510 133.7700
105.2510 133.7700 104.0655 132.8059 105.5027 132.3041
105.9777 133.0572 105.2510 133.7700 105.5027 132.3041
105.2510 133.7700 103.5077 134.2222 104.0655 132.8059
103.5077 134.2222 103.3846 131.4444 104.0655 132.8059
105.1077 131.0000 104.0655 132.8059 103.3846 131.4444
