169.6449 123.4900 169.6753 125.4680 168.2462 124.8889
169.6449 123.4900 168.2462 124.8889 167.6308 123.0000
167.7284 116.6888 167.1385 114.7778 168.1361 114.7085
172.5238 127.0284 171.0769 126.1111 172.3837 125.3210
170.5042 118.0651 168.3184 118.5998 169.3978 117.2201
175.7772 139.5116 175.4094 137.4875 176.4335 138.0683
171.1368 128.1102 172.5238 127.0284 172.8809 129.1149
170.2346 122.3522 169.6449 123.4900 169.2308 121.5556
174.2493 136.2878 175.4094 137.4875 173.0462 137.4444
176.4335 138.0683 178.0307 137.0833 177.1809 138.9780
175.5088 134.7726 176.0564 136.1519 174.2493 136.2878
169.9433 114.5830 170.8141 116.2010 169.1190 115.7874
173.5385 134.7778 175.5088 134.7726 174.2493 136.2878
174.4048 138.7155 175.4094 137.4875 175.7772 139.5116
175.7772 139.5116 176.4335 138.0683 176.4790 139.2448
174.4048 138.7155 175.7772 139.5116 173.9077 140.2222
176.4790 139.2448 176.4335 138.0683 177.1809 138.9780
173.1692 118.2222 171.8687 117.6012 172.5539 116.3333
170.8141 116.2010 170.5042 118.0651 169.3978 117.2201
177.1809 138.9780 178.0307 137.0833 178.5846 138.4444
176.0564 136.1519 176.4335 138.0683 175.4094 137.4875
169.1190 115.7874 168.1361 114.7085 169.9433 114.5830
176.0564 136.1519 178.0307 137.0833 176.4335 138.0683
169.3978 117.2201 169.1190 115.7874 170.8141 116.2010
167.7284 116.6888 169.3978 117.2201 168.3184 118.5998
173.9077 140.2222 173.0462 137.4444 174.4048 138.7155
173.0462 137.4444 175.4094 137.4875 174.4048 138.7155
170.8141 116.2010 172.5539 116.3333 171.8687 117.6012
171.9385 114.4444 170.8141 116.2010 169.9433 114.5830
167.7284 116.6888 168.1361 114.7085 169.1190 115.7874
170.8326 119.4180 171.8687 117.6012 172.3432 119.4890
172.5539 116.3333 170.8141 116.2010 171.9385 114.4444
167.7284 116.6888 169.1190 115.7874 169.3978 117.2201
172.6042 123.8851 172.3837 125.3210 171.2214 124.3304
168.3184 118.5998 170.8326 119.4180 168.7746 120.0777
168.3184 118.5998 170.5042 118.0651 170.8326 119.4180
169.6449 123.4900 167.6308 123.0000 169.2308 121.5556
168.8615 126.7778 169.6753 125.4680 171.0769 126.1111
172.6042 123.8851 172.8299 121.7970 173.6615 122.8889
173.0462 137.4444 173.5385 134.7778 174.2493 136.2878
174.5204 133.5442 172.3692 132.5000 174.8960 132.0130
177.4769 135.7222 176.0564 136.1519 176.9230 134.3611
175.5088 134.7726 176.9230 134.3611 176.0564 136.1519
175.5088 134.7726 176.3692 133.0000 176.9230 134.3611
172.5238 127.0284 173.9076 125.2223 174.1538 127.5556
168.8615 126.7778 168.2462 124.8889 169.6753 125.4680
169.6753 125.4680 169.6449 123.4900 171.2214 124.3304
172.6042 123.8851 171.4878 122.0840 172.8299 121.7970
172.3837 125.3210 171.0769 126.1111 171.2214 124.3304
170.8326 119.4180 171.4878 122.0840 170.2346 122.3522
170.5042 118.0651 171.8687 117.6012 170.8326 119.4180
170.8326 119.4180 170.2346 122.3522 169.2308 121.5556
171.2214 124.3304 170.2346 122.3522 171.4878 122.0840
172.2009 131.1474 173.5234 130.8178 172.3692 132.5000
173.5234 130.8178 172.8809 129.1149 174.7076 128.9167
176.0564 136.1519 177.4769 135.7222 178.0307 137.0833
174.2493 136.2878 176.0564 136.1519 175.4094 137.4875
171.1368 128.1102 172.8809 129.1149 171.2000 130.2222
173.9076 125.2223 172.3837 125.3210 172.6042 123.8851
172.5238 127.0284 172.3837 125.3210 173.9076 125.2223
172.3432 119.4890 171.4878 122.0840 170.8326 119.4180
169.6753 125.4680 171.2214 124.3304 171.0769 126.1111
171.2214 124.3304 169.6449 123.4900 170.2346 122.3522
171.4878 122.0840 172.6042 123.8851 171.2214 124.3304
173.9076 125.2223 172.6042 123.8851 173.6615 122.8889
172.8809 129.1149 172.5238 127.0284 174.1538 127.5556
171.1368 128.1102 171.0769 126.1111 172.5238 127.0284
173.1692 118.2222 173.4153 120.5556 172.3432 119.4890
172.3432 119.4890 173.4153 120.5556 172.8299 121.7970
172.3432 119.4890 172.8299 121.7970 171.4878 122.0840
173.4153 120.5556 173.6615 122.8889 172.8299 121.7970
175.2615 130.2778 173.5234 130.8178 174.7076 128.9167
172.8809 129.1149 174.1538 127.5556 174.7076 128.9167
174.8960 132.0130 172.3692 132.5000 173.5234 130.8178
173.5234 130.8178 172.2009 131.1474 172.8809 129.1149
173.5234 130.8178 175.2615 130.2778 174.8960 132.0130
172.3692 132.5000 174.5204 133.5442 173.5385 134.7778
175.2615 130.2778 176.3692 133.0000 174.8960 132.0130
173.5385 134.7778 174.5204 133.5442 175.5088 134.7726
176.3692 133.0000 174.5204 133.5442 174.8960 132.0130
174.5204 133.5442 176.3692 133.0000 175.5088 134.7726
172.3692 132.5000 171.2000 130.2222 172.2009 131.1474
172.8809 129.1149 172.2009 131.1474 171.2000 130.2222
172.3432 119.4890 171.8687 117.6012 173.1692 118.2222
170.8141 116.2010 171.8687 117.6012 170.5042 118.0651
170.8326 119.4180 169.2308 121.5556 168.7746 120.0777
