139.8985 134.9295 141.7143 133.9474 141.2349 135.2308
155.1594 140.4835 156.5362 139.7013 156.1171 142.1541
165.8008 142.4097 164.2170 141.5824 164.6445 139.8475
138.4901 129.4833 139.7732 130.9769 138.3980 130.8604
164.4369 143.3557 166.3789 143.6908 164.9843 144.9227
166.3582 146.3392 166.9571 144.9719 167.7798 146.7948
164.9843 144.9227 164.9976 146.9533 164.0808 145.9440
139.7732 130.9769 141.1981 131.9702 140.1925 132.8862
144.6154 135.5556 146.0923 136.0556 144.8265 137.3632
144.6154 135.5556 144.8265 137.3632 143.2509 136.6311
139.7732 130.9769 140.4308 129.0000 141.4769 130.6389
138.3980 130.8604 140.1925 132.8862 137.4010 131.8148
164.5517 148.8697 163.2831 147.5645 164.9976 146.9533
157.7578 147.0614 158.8470 148.7140 156.8247 148.8069
164.9976 146.9533 166.4800 148.4785 164.5517 148.8697
166.3582 146.3392 164.9843 144.9227 166.9571 144.9719
159.5959 145.8954 160.1705 143.7959 161.4937 144.8293
164.9843 144.9227 166.3789 143.6908 166.9571 144.9719
155.5551 149.4168 156.7782 150.5659 155.1104 150.7533
170.2478 152.2637 168.1419 152.3060 169.4251 150.4408
166.4800 148.4785 167.7798 146.7948 168.6024 148.6178
166.3582 146.3392 166.4800 148.4785 164.9976 146.9533
166.4800 148.4785 166.3582 146.3392 167.7798 146.7948
162.7177 145.9784 164.0808 145.9440 163.2831 147.5645
139.7732 130.9769 141.4769 130.6389 141.1981 131.9702
164.0829 153.6373 164.1006 152.0669 165.6408 153.4391
164.1006 152.0669 163.1408 150.2410 164.5300 150.6760
162.4021 151.3935 164.1006 152.0669 162.5131 153.5924
162.7177 145.9784 163.2831 147.5645 161.5103 147.1520
164.1006 152.0669 164.5300 150.6760 166.1283 151.6882
167.3589 150.3507 166.4800 148.4785 168.6024 148.6178
167.3589 150.3507 168.6024 148.6178 169.4251 150.4408
167.3589 150.3507 169.4251 150.4408 168.1419 152.3060
166.1283 151.6882 165.6408 153.4391 164.1006 152.0669
166.1283 151.6882 168.1419 152.3060 167.1328 153.4054
139.2485 133.7932 139.8985 134.9295 138.3476 135.1944
161.2419 152.2638 161.3681 150.4964 162.4021 151.3935
161.2786 154.3406 161.2419 152.2638 162.5131 153.5924
158.8470 148.7140 159.4353 147.3615 160.4636 148.4188
162.0517 148.8411 164.5517 148.8697 163.1408 150.2410
168.1419 152.3060 166.1283 151.6882 167.3589 150.3507
165.7660 149.9072 164.5517 148.8697 166.4800 148.4785
162.0517 148.8411 163.2831 147.5645 164.5517 148.8697
167.3589 150.3507 165.7660 149.9072 166.4800 148.4785
161.2786 154.3406 162.5131 153.5924 163.2611 154.9043
164.5300 150.6760 164.5517 148.8697 165.7660 149.9072
155.5551 149.4168 154.9038 148.1678 156.8247 148.8069
166.1283 151.6882 165.7660 149.9072 167.3589 150.3507
161.5103 147.1520 163.2831 147.5645 162.0517 148.8411
163.8218 138.0245 164.6445 139.8475 162.7036 139.6262
162.4021 151.3935 161.3681 150.4964 163.1408 150.2410
161.3681 150.4964 162.0517 148.8411 163.1408 150.2410
161.4166 142.8804 162.0082 141.4517 162.9567 142.7428
166.3789 143.6908 164.4369 143.3557 165.8008 142.4097
164.9976 146.9533 164.9843 144.9227 166.3582 146.3392
164.9843 144.9227 163.0993 144.3385 164.4369 143.3557
158.3883 150.0927 158.8470 148.7140 159.8375 149.9872
160.4636 148.4188 161.3681 150.4964 159.8375 149.9872
161.5103 147.1520 160.4636 148.4188 159.4353 147.3615
164.0808 145.9440 163.0993 144.3385 164.9843 144.9227
162.9567 142.7428 164.4369 143.3557 163.0993 144.3385
165.8008 142.4097 164.4369 143.3557 164.2170 141.5824
163.0993 144.3385 162.7177 145.9784 161.4937 144.8293
159.1540 141.1067 160.8660 138.9228 160.5329 141.6776
162.9567 142.7428 164.2170 141.5824 164.4369 143.3557
164.2170 141.5824 162.9567 142.7428 163.1525 140.8425
163.0993 144.3385 161.4937 144.8293 161.4166 142.8804
162.9567 142.7428 162.0082 141.4517 163.1525 140.8425
160.4636 148.4188 161.5103 147.1520 162.0517 148.8411
162.0082 141.4517 161.4166 142.8804 160.5329 141.6776
163.0993 144.3385 161.4166 142.8804 162.9567 142.7428
159.4540 142.5832 160.5329 141.6776 161.4166 142.8804
157.1906 153.0206 157.9077 154.3889 155.9538 153.7431
159.4540 142.5832 161.4166 142.8804 160.1705 143.7959
155.1594 140.4835 156.1171 142.1541 154.7513 142.3654
160.5329 141.6776 160.8660 138.9228 162.0082 141.4517
161.3681 150.4964 159.9545 151.5961 159.8375 149.9872
163.2611 154.9043 162.5131 153.5924 164.0829 153.6373
160.9002 145.9949 162.7177 145.9784 161.5103 147.1520
161.4166 142.8804 161.4937 144.8293 160.1705 143.7959
164.1006 152.0669 164.0829 153.6373 162.5131 153.5924
160.2531 153.3248 158.5966 152.7474 159.9545 151.5961
160.2531 153.3248 159.8616 155.0347 157.9077 154.3889
153.6922 146.0808 155.2048 145.2343 156.0042 146.7722
164.1006 152.0669 162.4021 151.3935 163.1408 150.2410
155.1104 150.7533 156.1047 152.0867 154.0000 153.0972
161.3681 150.4964 160.4636 148.4188 162.0517 148.8411
157.7578 147.0614 158.2227 145.7625 159.4353 147.3615
158.5966 152.7474 157.9171 151.4651 159.9545 151.5961
160.4636 148.4188 159.8375 149.9872 158.8470 148.7140
156.1047 152.0867 155.9538 153.7431 154.0000 153.0972
155.2048 145.2343 156.0924 143.8220 156.9379 145.2600
159.9545 151.5961 158.3883 150.0927 159.8375 149.9872
153.7706 149.5654 153.4178 151.3128 151.9078 150.8891
155.5551 149.4168 153.7706 149.5654 154.9038 148.1678
156.8247 148.8069 158.8470 148.7140 158.3883 150.0927
157.5882 141.4932 159.1540 141.1067 159.4540 142.5832
165.7231 156.9722 166.1843 155.7618 167.7319 157.6362
161.2419 152.2638 160.2531 153.3248 159.9545 151.5961
164.5517 148.8697 164.5300 150.6760 163.1408 150.2410
166.1283 151.6882 164.5300 150.6760 165.7660 149.9072
163.2831 147.5645 164.0808 145.9440 164.9976 146.9533
163.0993 144.3385 164.0808 145.9440 162.7177 145.9784
161.2786 154.3406 159.8616 155.0347 160.2531 153.3248
160.2531 153.3248 157.9077 154.3889 158.5966 152.7474
162.9992 136.2015 161.0303 135.7908 162.1765 134.3786
163.8218 138.0245 162.7036 139.6262 161.7843 137.4459
162.5131 153.5924 161.2419 152.2638 162.4021 151.3935
161.3681 150.4964 161.2419 152.2638 159.9545 151.5961
154.8650 138.5805 153.8168 139.7170 153.1642 137.9145
149.2923 136.0556 150.9735 137.7519 148.9828 137.9748
171.8931 155.9097 170.6886 155.3562 171.0705 154.0867
165.0624 155.1144 164.0829 153.6373 165.6408 153.4391
167.1492 154.8977 168.9434 154.0545 169.4803 155.9014
165.0624 155.1144 163.7692 156.3264 163.2611 154.9043
165.0624 155.1144 167.1492 154.8977 166.1843 155.7618
161.8154 155.6806 161.2786 154.3406 163.2611 154.9043
167.1328 153.4054 167.1492 154.8977 165.6408 153.4391
165.0624 155.1144 163.2611 154.9043 164.0829 153.6373
161.8154 155.6806 163.2611 154.9043 163.7692 156.3264
167.1492 154.8977 165.0624 155.1144 165.6408 153.4391
165.7231 156.9722 163.7692 156.3264 165.0624 155.1144
167.1492 154.8977 167.1328 153.4054 168.9434 154.0545
165.7231 156.9722 165.0624 155.1144 166.1843 155.7618
172.7158 157.7326 171.6396 158.9279 171.1036 157.3631
167.1492 154.8977 167.7319 157.6362 166.1843 155.7618
159.8616 155.0347 161.2786 154.3406 161.8154 155.6806
161.2419 152.2638 161.2786 154.3406 160.2531 153.3248
169.4803 155.9014 170.6886 155.3562 171.1036 157.3631
168.9434 154.0545 170.2478 152.2637 171.0705 154.0867
166.1283 151.6882 167.1328 153.4054 165.6408 153.4391
167.1328 153.4054 168.1419 152.3060 168.9434 154.0545
169.7406 158.3002 167.7319 157.6362 169.0011 157.1670
169.4803 155.9014 169.0011 157.1670 167.1492 154.8977
170.2478 152.2637 168.9434 154.0545 168.1419 152.3060
170.6886 155.3562 168.9434 154.0545 171.0705 154.0867
156.0042 146.7722 157.7578 147.0614 156.8247 148.8069
171.1036 157.3631 170.6886 155.3562 171.8931 155.9097
168.9434 154.0545 170.6886 155.3562 169.4803 155.9014
167.1492 154.8977 169.0011 157.1670 167.7319 157.6362
171.1036 157.3631 169.0011 157.1670 169.4803 155.9014
169.7406 158.3002 171.1036 157.3631 171.6396 158.9279
159.1540 141.1067 158.0719 140.0877 159.2694 139.0266
151.9078 150.8891 151.9965 149.3233 153.7706 149.5654
156.1846 134.0556 155.8653 135.7132 154.4615 134.5556
146.6798 148.0698 148.2302 147.6038 147.6471 149.3679
153.6922 146.0808 156.0042 146.7722 154.9038 148.1678
156.0924 143.8220 158.1141 143.0178 156.9379 145.2600
145.8767 142.8300 145.0206 143.9064 144.7011 141.7507
156.7782 150.5659 155.5551 149.4168 156.8247 148.8069
153.4178 151.3128 154.0000 153.0972 152.0462 152.4514
148.1385 151.1597 149.3491 150.7756 150.0923 151.8055
156.0042 146.7722 156.8247 148.8069 154.9038 148.1678
159.5959 145.8954 158.2227 145.7625 158.7794 144.3660
160.9002 145.9949 159.5959 145.8954 161.4937 144.8293
156.9379 145.2600 158.2227 145.7625 157.7578 147.0614
157.7578 147.0614 159.4353 147.3615 158.8470 148.7140
159.4353 147.3615 159.5959 145.8954 160.9002 145.9949
152.0867 146.5024 153.0855 147.8282 150.6383 147.3135
156.9379 145.2600 157.7578 147.0614 156.0042 146.7722
156.9379 145.2600 158.1141 143.0178 158.7794 144.3660
159.4353 147.3615 158.2227 145.7625 159.5959 145.8954
148.1385 151.1597 146.1846 150.5139 147.6471 149.3679
156.1171 142.1541 158.1141 143.0178 156.0924 143.8220
153.0855 147.8282 153.6922 146.0808 154.9038 148.1678
156.0042 146.7722 155.2048 145.2343 156.9379 145.2600
153.9288 144.7290 151.7973 144.5866 152.4245 143.3680
155.2048 145.2343 153.9288 144.7290 156.0924 143.8220
154.7513 142.3654 156.0924 143.8220 153.7951 143.3632
153.1145 142.1314 155.1594 140.4835 154.7513 142.3654
155.2048 145.2343 153.6922 146.0808 153.9288 144.7290
157.5882 141.4932 158.1141 143.0178 156.1171 142.1541
152.4245 143.3680 153.7951 143.3632 153.9288 144.7290
154.8650 138.5805 156.5362 139.7013 155.1594 140.4835
159.4540 142.5832 159.1540 141.1067 160.5329 141.6776
159.4540 142.5832 158.7794 144.3660 158.1141 143.0178
151.7973 144.5866 153.9288 144.7290 153.6922 146.0808
156.0924 143.8220 153.9288 144.7290 153.7951 143.3632
171.1036 157.3631 169.7406 158.3002 169.0011 157.1670
171.8931 155.9097 172.7158 157.7326 171.1036 157.3631
156.7782 150.5659 156.8247 148.8069 158.3883 150.0927
153.7706 149.5654 155.5551 149.4168 155.1104 150.7533
158.3883 150.0927 157.9171 151.4651 156.7782 150.5659
157.1906 153.0206 157.9171 151.4651 158.5966 152.7474
153.4178 151.3128 153.7706 149.5654 155.1104 150.7533
153.7706 149.5654 151.9965 149.3233 153.0855 147.8282
159.9545 151.5961 157.9171 151.4651 158.3883 150.0927
157.9171 151.4651 157.1906 153.0206 156.1047 152.0867
155.1104 150.7533 156.7782 150.5659 156.1047 152.0867
157.9171 151.4651 156.1047 152.0867 156.7782 150.5659
157.9077 154.3889 157.1906 153.0206 158.5966 152.7474
155.9538 153.7431 156.1047 152.0867 157.1906 153.0206
154.0000 153.0972 153.4178 151.3128 155.1104 150.7533
153.4178 151.3128 152.0462 152.4514 151.9078 150.8891
152.0462 152.4514 150.0923 151.8055 151.9078 150.8891
150.6131 150.5808 151.9078 150.8891 150.0923 151.8055
162.7177 145.9784 160.9002 145.9949 161.4937 144.8293
159.4353 147.3615 160.9002 145.9949 161.5103 147.1520
144.8265 137.3632 146.0923 136.0556 146.2240 137.4495
153.8168 139.7170 152.2840 139.5150 153.1642 137.9145
156.3190 137.3391 156.5362 139.7013 154.8650 138.5805
159.1540 141.1067 159.2694 139.0266 160.8660 138.9228
158.1266 136.8053 159.9561 137.2584 159.2694 139.0266
154.8650 138.5805 155.1594 140.4835 153.8168 139.7170
157.7157 138.6447 158.0719 140.0877 156.5362 139.7013
158.7794 144.3660 159.4540 142.5832 160.1705 143.7959
159.4540 142.5832 158.1141 143.0178 157.5882 141.4932
159.5959 145.8954 158.7794 144.3660 160.1705 143.7959
156.9379 145.2600 158.7794 144.3660 158.2227 145.7625
172.7158 157.7326 173.5385 159.5556 171.6396 158.9279
153.1145 142.1314 152.2840 139.5150 153.8168 139.7170
158.0719 140.0877 159.1540 141.1067 157.5882 141.4932
156.3190 137.3391 158.1266 136.8053 157.7157 138.6447
158.1266 136.8053 159.2694 139.0266 157.7157 138.6447
157.5882 141.4932 156.1171 142.1541 156.5362 139.7013
156.5362 139.7013 158.0719 140.0877 157.5882 141.4932
163.1525 140.8425 164.6445 139.8475 164.2170 141.5824
160.8660 138.9228 159.2694 139.0266 159.9561 137.2584
150.3967 143.4431 152.4245 143.3680 151.7973 144.5866
153.1145 142.1314 152.4245 143.3680 151.7087 142.1991
152.2840 139.5150 153.1145 142.1314 151.7087 142.1991
156.0924 143.8220 154.7513 142.3654 156.1171 142.1541
153.1145 142.1314 154.7513 142.3654 153.7951 143.3632
152.4245 143.3680 153.1145 142.1314 153.7951 143.3632
161.0303 135.7908 161.7843 137.4459 159.9561 137.2584
159.2694 139.0266 158.0719 140.0877 157.7157 138.6447
153.1145 142.1314 153.8168 139.7170 155.1594 140.4835
157.7157 138.6447 156.5362 139.7013 156.3190 137.3391
159.9561 137.2584 161.7843 137.4459 160.8660 138.9228
161.7843 137.4459 161.0303 135.7908 162.9992 136.2015
154.4242 136.5920 154.8650 138.5805 153.1642 137.9145
159.5967 135.8684 160.2399 134.4696 161.0303 135.7908
155.8653 135.7132 158.1266 136.8053 156.3190 137.3391
155.8653 135.7132 156.3190 137.3391 154.4242 136.5920
161.7843 137.4459 162.9992 136.2015 163.8218 138.0245
159.5967 135.8684 158.1266 136.8053 158.3489 135.1581
154.8650 138.5805 154.4242 136.5920 156.3190 137.3391
156.1846 134.0556 157.9076 133.5556 158.3489 135.1581
162.0082 141.4517 160.8660 138.9228 162.7036 139.6262
161.7843 137.4459 162.7036 139.6262 160.8660 138.9228
162.0082 141.4517 162.7036 139.6262 163.1525 140.8425
164.6445 139.8475 163.1525 140.8425 162.7036 139.6262
152.2840 139.5150 151.7087 142.1991 150.5158 141.1911
158.3489 135.1581 158.1266 136.8053 155.8653 135.7132
154.4615 134.5556 154.4242 136.5920 152.7384 135.0556
148.1072 139.7282 149.8965 139.7574 148.9831 140.8908
148.9828 137.9748 147.4895 138.0487 147.5692 136.5556
159.9561 137.2584 159.5967 135.8684 161.0303 135.7908
158.3489 135.1581 157.9076 133.5556 159.6307 133.0556
162.1765 134.3786 161.0303 135.7908 160.2399 134.4696
158.3489 135.1581 159.6307 133.0556 160.2399 134.4696
158.1266 136.8053 159.5967 135.8684 159.9561 137.2584
162.1765 134.3786 160.2399 134.4696 161.3538 132.5556
150.9735 137.7519 153.1642 137.9145 152.2840 139.5150
150.9735 137.7519 151.0154 135.5556 151.6940 136.6671
152.2840 139.5150 151.0334 139.0760 150.9735 137.7519
150.9735 137.7519 151.0334 139.0760 148.9828 137.9748
154.4242 136.5920 153.1642 137.9145 152.9829 136.4804
152.9829 136.4804 151.6940 136.6671 152.7384 135.0556
154.4615 134.5556 155.8653 135.7132 154.4242 136.5920
158.3489 135.1581 155.8653 135.7132 156.1846 134.0556
160.2399 134.4696 159.6307 133.0556 161.3538 132.5556
158.3489 135.1581 160.2399 134.4696 159.5967 135.8684
150.5158 141.1911 151.0334 139.0760 152.2840 139.5150
148.9828 137.9748 151.0334 139.0760 149.8965 139.7574
148.1072 139.7282 146.4301 139.1039 147.4895 138.0487
150.9735 137.7519 149.2923 136.0556 151.0154 135.5556
150.3967 143.4431 151.7087 142.1991 152.4245 143.3680
144.0683 139.0177 145.2063 140.2369 143.6259 140.5713
148.9828 137.9748 147.5692 136.5556 149.2923 136.0556
146.2240 137.4495 146.4301 139.1039 144.8265 137.3632
148.9828 137.9748 148.1072 139.7282 147.4895 138.0487
142.5759 138.1955 140.9331 138.5673 141.2578 136.6005
148.1072 139.7282 148.9828 137.9748 149.8965 139.7574
144.8265 137.3632 146.4301 139.1039 144.0683 139.0177
150.5158 141.1911 148.9594 142.3463 148.9831 140.8908
146.4301 139.1039 148.1072 139.7282 146.6565 141.0605
146.6565 141.0605 145.2063 140.2369 146.4301 139.1039
147.4895 138.0487 146.2240 137.4495 147.5692 136.5556
150.7877 148.6764 151.9965 149.3233 150.6131 150.5808
144.0683 139.0177 146.4301 139.1039 145.2063 140.2369
148.9831 140.8908 146.6565 141.0605 148.1072 139.7282
147.0302 143.7522 145.8767 142.8300 147.3952 142.4426
145.2063 140.2369 144.7011 141.7507 143.6259 140.5713
142.5759 138.1955 143.2509 136.6311 144.8265 137.3632
150.5158 141.1911 148.9831 140.8908 149.8965 139.7574
148.9831 140.8908 148.9594 142.3463 147.3952 142.4426
150.5158 141.1911 149.8965 139.7574 151.0334 139.0760
150.5158 141.1911 151.7087 142.1991 150.3967 143.4431
148.9594 142.3463 148.2920 144.2582 147.3952 142.4426
146.2865 146.4283 148.2302 147.6038 146.6798 148.0698
143.5692 133.9167 142.6625 135.1862 141.7143 133.9474
147.5692 136.5556 146.2240 137.4495 146.0923 136.0556
146.4301 139.1039 146.2240 137.4495 147.4895 138.0487
147.3952 142.4426 145.8767 142.8300 146.6565 141.0605
146.1069 144.7500 146.2865 146.4283 144.4478 145.8328
142.5759 138.1955 144.8265 137.3632 144.0683 139.0177
144.4478 145.8328 145.0206 143.9064 146.1069 144.7500
148.9831 140.8908 147.3952 142.4426 146.6565 141.0605
150.3967 143.4431 148.2920 144.2582 148.9594 142.3463
142.7558 145.5342 140.9230 144.3889 142.0977 143.3062
144.0683 139.0177 143.6259 140.5713 141.9226 139.9303
141.9226 139.9303 142.5759 138.1955 144.0683 139.0177
141.7143 133.9474 142.5231 132.2778 143.5692 133.9167
142.6625 135.1862 144.6154 135.5556 143.2509 136.6311
145.8767 142.8300 144.7011 141.7507 146.6565 141.0605
142.0099 141.7112 142.0977 143.3062 140.2461 141.9722
142.6625 135.1862 141.2349 135.2308 141.7143 133.9474
141.2578 136.6005 141.2349 135.2308 142.6625 135.1862
145.2063 140.2369 146.6565 141.0605 144.7011 141.7507
142.0099 141.7112 143.6259 140.5713 143.5419 142.6235
145.8767 142.8300 146.1069 144.7500 145.0206 143.9064
143.6259 140.5713 144.7011 141.7507 143.5419 142.6235
142.7558 145.5342 144.4478 145.8328 143.3484 147.2690
139.5692 139.5555 140.9331 138.5673 140.6149 140.5658
141.9226 139.9303 140.9331 138.5673 142.5759 138.1955
140.9331 138.5673 141.9226 139.9303 140.6149 140.5658
140.1925 132.8862 141.1981 131.9702 141.7143 133.9474
145.0206 143.9064 143.6550 144.0701 143.5419 142.6235
139.9989 136.2362 139.1620 138.1018 138.7548 136.6481
141.2578 136.6005 142.6625 135.1862 143.2509 136.6311
144.6154 135.5556 142.6625 135.1862 143.5692 133.9167
142.5759 138.1955 141.2578 136.6005 143.2509 136.6311
139.9989 136.2362 140.9331 138.5673 139.1620 138.1018
139.9989 136.2362 139.8985 134.9295 141.2349 135.2308
139.2485 133.7932 138.3476 135.1944 137.9404 133.7406
140.1925 132.8862 141.7143 133.9474 139.8985 134.9295
142.5231 132.2778 141.1981 131.9702 141.4769 130.6389
140.9331 138.5673 139.5692 139.5555 139.1620 138.1018
140.2461 141.9722 140.6149 140.5658 142.0099 141.7112
141.7143 133.9474 141.1981 131.9702 142.5231 132.2778
140.1925 132.8862 139.2485 133.7932 137.4010 131.8148
138.3980 130.8604 136.8615 129.8889 138.4901 129.4833
140.4308 129.0000 139.7732 130.9769 138.4901 129.4833
145.0206 143.9064 143.5419 142.6235 144.7011 141.7507
139.9989 136.2362 141.2349 135.2308 141.2578 136.6005
143.6550 144.0701 142.7558 145.5342 142.0977 143.3062
139.9989 136.2362 141.2578 136.6005 140.9331 138.5673
138.3476 135.1944 139.9989 136.2362 138.7548 136.6481
139.9989 136.2362 138.3476 135.1944 139.8985 134.9295
136.8615 129.8889 138.3980 130.8604 137.4010 131.8148
140.1925 132.8862 138.3980 130.8604 139.7732 130.9769
137.4010 131.8148 139.2485 133.7932 137.9404 133.7406
140.1925 132.8862 139.8985 134.9295 139.2485 133.7932
145.5631 149.1157 145.1174 147.6458 146.6798 148.0698
150.3967 143.4431 149.9551 145.4134 148.2920 144.2582
151.9965 149.3233 151.9078 150.8891 150.6131 150.5808
149.7477 149.5697 149.3491 150.7756 147.6471 149.3679
150.7877 148.6764 148.2302 147.6038 150.6383 147.3135
146.1846 150.5139 145.5631 149.1157 147.6471 149.3679
149.7477 149.5697 147.6471 149.3679 148.2302 147.6038
147.6471 149.3679 145.5631 149.1157 146.6798 148.0698
143.3484 147.2690 141.6000 146.8055 142.7558 145.5342
144.4478 145.8328 143.6550 144.0701 145.0206 143.9064
146.2865 146.4283 146.6798 148.0698 145.1174 147.6458
143.3484 147.2690 144.0124 148.4929 142.2769 149.2222
144.4478 145.8328 145.1174 147.6458 143.3484 147.2690
144.4478 145.8328 146.2865 146.4283 145.1174 147.6458
147.8769 145.8863 146.1069 144.7500 147.0302 143.7522
144.0124 148.4929 143.3484 147.2690 145.1174 147.6458
142.2769 149.2222 141.6000 146.8055 143.3484 147.2690
140.9230 144.3889 142.7558 145.5342 141.6000 146.8055
143.6550 144.0701 144.4478 145.8328 142.7558 145.5342
145.5631 149.1157 144.0124 148.4929 145.1174 147.6458
142.2769 149.2222 144.0124 148.4929 144.2308 149.8680
149.3491 150.7756 150.6131 150.5808 150.0923 151.8055
150.6131 150.5808 149.7477 149.5697 150.7877 148.6764
147.6471 149.3679 149.3491 150.7756 148.1385 151.1597
150.6131 150.5808 149.3491 150.7756 149.7477 149.5697
151.7973 144.5866 149.9551 145.4134 150.3967 143.4431
153.0855 147.8282 152.0867 146.5024 153.6922 146.0808
146.1846 150.5139 144.2308 149.8680 145.5631 149.1157
145.5631 149.1157 144.2308 149.8680 144.0124 148.4929
148.2302 147.6038 150.7877 148.6764 149.7477 149.5697
153.0855 147.8282 150.7877 148.6764 150.6383 147.3135
153.7706 149.5654 153.0855 147.8282 154.9038 148.1678
153.0855 147.8282 151.9965 149.3233 150.7877 148.6764
149.9551 145.4134 152.0867 146.5024 150.6383 147.3135
151.7973 144.5866 153.6922 146.0808 152.0867 146.5024
152.0867 146.5024 149.9551 145.4134 151.7973 144.5866
150.5158 141.1911 150.3967 143.4431 148.9594 142.3463
150.6383 147.3135 149.3436 146.7062 149.9551 145.4134
146.1069 144.7500 147.8769 145.8863 146.2865 146.4283
149.3436 146.7062 147.8769 145.8863 149.9551 145.4134
147.0302 143.7522 148.2920 144.2582 147.8769 145.8863
150.6383 147.3135 148.2302 147.6038 149.3436 146.7062
148.2302 147.6038 146.2865 146.4283 147.8769 145.8863
145.8767 142.8300 147.0302 143.7522 146.1069 144.7500
147.3952 142.4426 148.2920 144.2582 147.0302 143.7522
153.1642 137.9145 150.9735 137.7519 151.6940 136.6671
152.7384 135.0556 154.4242 136.5920 152.9829 136.4804
152.7384 135.0556 151.6940 136.6671 151.0154 135.5556
153.1642 137.9145 151.6940 136.6671 152.9829 136.4804
142.0099 141.7112 140.6149 140.5658 141.9226 139.9303
140.2461 141.9722 139.5692 139.5555 140.6149 140.5658
143.6259 140.5713 142.0099 141.7112 141.9226 139.9303
142.0977 143.3062 142.0099 141.7112 143.5419 142.6235
143.6550 144.0701 142.0977 143.3062 143.5419 142.6235
140.2461 141.9722 142.0977 143.3062 140.9230 144.3889
149.9551 145.4134 147.8769 145.8863 148.2920 144.2582
148.2302 147.6038 147.8769 145.8863 149.3436 146.7062
