178.1499 141.2616 179.1864 140.4694 179.4767 142.4085
174.9489 143.6208 176.8600 144.3354 175.3747 145.5750
176.0000 148.4444 177.4339 149.2187 175.0154 149.2222
175.2000 151.0000 177.0662 150.8062 176.6319 152.1388
176.2395 142.8286 176.0000 141.3333 177.7473 142.9686
179.4722 153.6393 177.6645 153.0864 178.1224 151.7477
178.7165 148.2135 179.9981 147.1900 180.9174 148.0973
180.9373 158.9194 179.2411 160.0945 179.5819 158.7746
178.9858 150.0146 178.7165 148.2135 180.6884 149.3685
185.1636 151.8859 186.4615 152.3333 184.1856 153.9390
176.1231 139.8889 178.0867 139.5090 178.1499 141.2616
193.5211 153.5950 191.9490 152.7445 193.7822 152.0107
179.1864 140.4694 179.5692 139.2222 180.4307 140.8611
177.2440 145.9191 177.2978 147.7559 175.6874 147.0097
181.1708 152.7521 179.4722 153.6393 179.5373 151.7501
176.8600 144.3354 178.7998 144.0418 177.2440 145.9191
176.0000 141.3333 176.1231 139.8889 178.1499 141.2616
179.4767 142.4085 180.3024 144.0841 178.7998 144.0418
178.4069 146.7925 177.2978 147.7559 177.2440 145.9191
177.2440 145.9191 175.6874 147.0097 175.3747 145.5750
180.4307 140.8611 181.2923 142.5000 179.4767 142.4085
179.1010 145.5144 178.7998 144.0418 180.3024 144.0841
177.0662 150.8062 175.0154 149.2222 177.4339 149.2187
177.2440 145.9191 179.1010 145.5144 178.4069 146.7925
174.9489 143.6208 176.2395 142.8286 176.8600 144.3354
176.2395 142.8286 174.5231 141.6667 176.0000 141.3333
180.3024 144.0841 181.0395 145.9229 179.1010 145.5144
182.6419 149.0642 182.1174 147.0741 183.8078 147.2852
179.9981 147.1900 179.1010 145.5144 181.0395 145.9229
178.7165 148.2135 177.4339 149.2187 177.2978 147.7559
179.4767 142.4085 181.2923 142.5000 180.3024 144.0841
178.1499 141.2616 179.4767 142.4085 177.7473 142.9686
183.0154 145.7777 181.0395 145.9229 182.1538 144.1389
180.3024 144.0841 182.1538 144.1389 181.0395 145.9229
176.0000 141.3333 178.1499 141.2616 177.7473 142.9686
178.0867 139.5090 179.5692 139.2222 179.1864 140.4694
178.7998 144.0418 179.1010 145.5144 177.2440 145.9191
179.4767 142.4085 178.7998 144.0418 177.7473 142.9686
180.3024 144.0841 181.2923 142.5000 182.1538 144.1389
178.7165 148.2135 178.4069 146.7925 179.9981 147.1900
179.9981 147.1900 178.4069 146.7925 179.1010 145.5144
182.6419 149.0642 183.7080 150.5429 181.9428 150.9981
180.9174 148.0973 179.9981 147.1900 182.1174 147.0741
180.7690 155.4567 179.4722 153.6393 180.7815 154.0764
178.9858 150.0146 180.6884 149.3685 180.5516 150.7713
182.1174 147.0741 181.0395 145.9229 183.0154 145.7777
180.6884 149.3685 180.9174 148.0973 182.6419 149.0642
179.4767 142.4085 179.1864 140.4694 180.4307 140.8611
178.0867 139.5090 179.1864 140.4694 178.1499 141.2616
188.4923 152.0000 187.7019 153.5377 186.4615 152.3333
176.6319 152.1388 175.3846 152.7778 175.2000 151.0000
183.7080 150.5429 184.6003 148.7927 185.5309 150.5630
178.1224 151.7477 177.6645 153.0864 176.6319 152.1388
178.7165 148.2135 180.9174 148.0973 180.6884 149.3685
182.1174 147.0741 179.9981 147.1900 181.0395 145.9229
182.6419 149.0642 183.8078 147.2852 184.6003 148.7927
182.6419 149.0642 180.9174 148.0973 182.1174 147.0741
182.1174 147.0741 183.0154 145.7777 183.8078 147.2852
182.5322 152.3044 183.7080 150.5429 183.9483 152.5247
182.6419 149.0642 181.9428 150.9981 180.6884 149.3685
193.7822 152.0107 191.9490 152.7445 191.8769 150.7223
185.1636 151.8859 185.5309 150.5630 186.4615 152.3333
180.5516 150.7713 181.9428 150.9981 181.1708 152.7521
181.0355 160.9977 179.0769 161.4444 179.2411 160.0945
178.4649 156.6087 177.3160 155.7948 178.5295 155.2778
185.9551 156.2562 184.3797 155.9278 185.1339 154.8504
183.7080 150.5429 185.1636 151.8859 183.9483 152.5247
178.1224 151.7477 178.9858 150.0146 179.5373 151.7501
177.4339 149.2187 178.9858 150.0146 177.0662 150.8062
178.9858 150.0146 180.5516 150.7713 179.5373 151.7501
180.6884 149.3685 181.9428 150.9981 180.5516 150.7713
184.6003 148.7927 183.7080 150.5429 182.6419 149.0642
183.7080 150.5429 185.5309 150.5630 185.1636 151.8859
193.7822 152.0107 191.8769 150.7223 193.2308 149.7778
182.4000 162.4722 179.0769 161.4444 181.0355 160.9977
191.2112 159.6423 189.7504 161.6518 189.7187 159.1677
188.8067 157.8944 187.0483 157.6543 188.1934 156.1237
199.4459 150.5975 197.2285 150.9057 198.4923 149.4444
195.6923 166.5833 197.1914 164.6794 197.3538 167.0972
189.6422 152.6526 191.9490 152.7445 189.9733 153.9326
178.2902 157.9397 179.5276 157.4125 179.5819 158.7746
187.0483 157.6543 185.2745 157.7145 185.9551 156.2562
181.1044 157.3501 180.9373 158.9194 179.5819 158.7746
195.0027 152.5615 195.0981 153.8971 193.5211 153.5950
193.2308 149.7778 194.8178 150.5705 193.7822 152.0107
182.5628 158.2661 183.7868 157.3422 184.7683 159.0779
179.2411 160.0945 180.9373 158.9194 181.0355 160.9977
183.7868 157.3422 184.3797 155.9278 185.2745 157.7145
185.9551 156.2562 186.4428 154.7226 188.1934 156.1237
187.7019 153.5377 189.9733 153.9326 189.3575 155.2508
187.7019 153.5377 186.4428 154.7226 186.4615 152.3333
182.4628 156.5469 180.7690 155.4567 182.9033 154.5813
181.0355 160.9977 180.9373 158.9194 182.0451 159.9085
188.1934 156.1237 190.3302 156.8033 188.8067 157.8944
185.9788 161.4167 183.6057 161.5168 184.6763 160.4119
195.0027 152.5615 193.5211 153.5950 193.7822 152.0107
185.9551 156.2562 185.1339 154.8504 186.4428 154.7226
177.6645 153.0864 177.5240 154.4083 176.4326 153.6113
177.6645 153.0864 176.4326 153.6113 176.6319 152.1388
178.5295 155.2778 177.5240 154.4083 179.4722 153.6393
176.3077 154.9445 175.3846 152.7778 176.4326 153.6113
176.6319 152.1388 176.4326 153.6113 175.3846 152.7778
177.0662 150.8062 175.2000 151.0000 175.0154 149.2222
178.1224 151.7477 176.6319 152.1388 177.0662 150.8062
179.4722 153.6393 178.1224 151.7477 179.5373 151.7501
178.9858 150.0146 178.1224 151.7477 177.0662 150.8062
180.7815 154.0764 182.9033 154.5813 180.7690 155.4567
179.2411 160.0945 179.0769 161.4444 178.1538 159.2778
177.2308 157.1111 177.3160 155.7948 178.4649 156.6087
178.5295 155.2778 177.3160 155.7948 177.5240 154.4083
178.4649 156.6087 180.7690 155.4567 179.5276 157.4125
182.0451 159.9085 180.9373 158.9194 182.5628 158.2661
182.9033 154.5813 184.1856 153.9390 184.3797 155.9278
177.2308 157.1111 176.3077 154.9445 177.3160 155.7948
177.5240 154.4083 177.3160 155.7948 176.3077 154.9445
176.4326 153.6113 177.5240 154.4083 176.3077 154.9445
179.4722 153.6393 177.5240 154.4083 177.6645 153.0864
179.5373 151.7501 180.5516 150.7713 181.1708 152.7521
180.7690 155.4567 178.5295 155.2778 179.4722 153.6393
181.9428 150.9981 182.5322 152.3044 181.1708 152.7521
182.5322 152.3044 182.9033 154.5813 181.1708 152.7521
183.7080 150.5429 182.5322 152.3044 181.9428 150.9981
182.5322 152.3044 183.9483 152.5247 182.9033 154.5813
183.9483 152.5247 184.1856 153.9390 182.9033 154.5813
180.7690 155.4567 182.4628 156.5469 181.1044 157.3501
179.4722 153.6393 181.1708 152.7521 180.7815 154.0764
182.9033 154.5813 180.7815 154.0764 181.1708 152.7521
178.1538 159.2778 177.2308 157.1111 178.2902 157.9397
178.4649 156.6087 178.2902 157.9397 177.2308 157.1111
180.7690 155.4567 178.4649 156.6087 178.5295 155.2778
178.2902 157.9397 178.4649 156.6087 179.5276 157.4125
182.9033 154.5813 184.3797 155.9278 182.4628 156.5469
186.4615 152.3333 185.1339 154.8504 184.1856 153.9390
184.1856 153.9390 183.9483 152.5247 185.1636 151.8859
185.2745 157.7145 184.3797 155.9278 185.9551 156.2562
178.1538 159.2778 178.2902 157.9397 179.5819 158.7746
183.6057 161.5168 182.4000 162.4722 182.0451 159.9085
184.1856 153.9390 185.1339 154.8504 184.3797 155.9278
185.1339 154.8504 186.4615 152.3333 186.4428 154.7226
196.1009 151.7953 195.0027 152.5615 194.8178 150.5705
178.1538 159.2778 179.5819 158.7746 179.2411 160.0945
181.1044 157.3501 179.5819 158.7746 179.5276 157.4125
187.0483 157.6543 186.1956 158.6927 185.2745 157.7145
181.0355 160.9977 182.0451 159.9085 182.4000 162.4722
189.6422 152.6526 188.4923 152.0000 190.5231 151.6667
188.1934 156.1237 186.4428 154.7226 187.7019 153.5377
180.7690 155.4567 181.1044 157.3501 179.5276 157.4125
181.1044 157.3501 182.4628 156.5469 182.5628 158.2661
193.9730 155.5031 195.2805 155.2220 194.0727 157.7003
190.8120 155.2858 190.3302 156.8033 189.3575 155.2508
188.8067 157.8944 189.7187 159.1677 188.2388 159.6803
185.8918 160.0015 184.6763 160.4119 184.7683 159.0779
196.1009 151.7953 196.7385 149.5556 197.2285 150.9057
180.9373 158.9194 181.1044 157.3501 182.5628 158.2661
182.0451 159.9085 183.5286 159.8384 183.6057 161.5168
182.4628 156.5469 184.3797 155.9278 183.7868 157.3422
183.5286 159.8384 182.0451 159.9085 182.5628 158.2661
183.7868 157.3422 185.2745 157.7145 184.7683 159.0779
182.4628 156.5469 183.7868 157.3422 182.5628 158.2661
193.5211 153.5950 195.0981 153.8971 193.9730 155.5031
191.9490 152.7445 193.5211 153.5950 192.2043 154.5137
189.9733 153.9326 191.9490 152.7445 192.2043 154.5137
191.9490 152.7445 190.5231 151.6667 191.8769 150.7223
189.9733 153.9326 192.2043 154.5137 190.8120 155.2858
187.7019 153.5377 188.4923 152.0000 189.6422 152.6526
190.9564 158.1652 189.7187 159.1677 188.8067 157.8944
186.1956 158.6927 188.2388 159.6803 187.1536 160.4856
188.1934 156.1237 187.0483 157.6543 185.9551 156.2562
188.2388 159.6803 187.0483 157.6543 188.8067 157.8944
190.3302 156.8033 190.8120 155.2858 192.3551 156.6109
190.9564 158.1652 188.8067 157.8944 190.3302 156.8033
189.0461 164.5278 190.3305 163.3181 190.7077 165.0417
189.7504 161.6518 188.4943 161.0496 189.7187 159.1677
194.8178 150.5705 195.0027 152.5615 193.7822 152.0107
196.4625 153.2580 195.0027 152.5615 196.1009 151.7953
193.2308 149.7778 196.7385 149.5556 194.8178 150.5705
196.7385 149.5556 196.1009 151.7953 194.8178 150.5705
197.1914 164.6794 196.6210 163.4101 198.0815 163.4403
195.0027 152.5615 196.4625 153.2580 195.0981 153.8971
193.9730 155.5031 192.2043 154.5137 193.5211 153.5950
189.3575 155.2508 190.3302 156.8033 188.1934 156.1237
187.7019 153.5377 189.3575 155.2508 188.1934 156.1237
189.9733 153.9326 190.8120 155.2858 189.3575 155.2508
191.9490 152.7445 189.6422 152.6526 190.5231 151.6667
187.7019 153.5377 189.6422 152.6526 189.9733 153.9326
198.3586 154.4928 198.5737 155.8663 197.0442 154.9458
201.1730 166.9431 200.6788 165.7605 202.4256 166.6710
193.9530 159.7224 192.4407 158.3748 194.0727 157.7003
200.9231 151.8750 198.9166 151.9970 199.4459 150.5975
197.2285 150.9057 196.7385 149.5556 198.4923 149.4444
195.1295 160.3321 194.7266 161.5944 193.9530 159.7224
196.1009 151.7953 197.2285 150.9057 197.5224 152.3023
184.0615 162.9861 183.6057 161.5168 185.9788 161.4167
192.5728 159.9987 192.5318 161.4056 191.2112 159.6423
187.3368 161.8245 188.4943 161.0496 188.6382 162.9037
187.3368 161.8245 187.3846 164.0139 185.7231 163.5000
190.3305 163.3181 189.0461 164.5278 188.6382 162.9037
192.3551 156.6109 192.2043 154.5137 193.9730 155.5031
191.1903 162.0846 191.2112 159.6423 192.5318 161.4056
190.7077 165.0417 190.3305 163.3181 191.4975 163.9658
202.3384 168.6389 200.6769 168.1250 201.1730 166.9431
205.1468 167.7341 205.6615 169.6667 204.0000 169.1528
197.1914 164.6794 195.7627 165.0966 196.6210 163.4101
203.3126 165.6875 203.6067 167.6620 202.4256 166.6710
191.4975 163.9658 191.1903 162.0846 192.7453 163.4921
202.6154 158.2292 201.2467 158.5937 202.2769 156.9583
199.2939 164.2551 198.6374 165.8902 197.1914 164.6794
193.5557 162.3550 193.9278 164.5116 192.7453 163.4921
202.3384 168.6389 203.6067 167.6620 204.0000 169.1528
203.6067 167.6620 205.1468 167.7341 204.0000 169.1528
195.0981 153.8971 197.0442 154.9458 195.2805 155.2220
204.6321 165.8014 203.6067 167.6620 203.3126 165.6875
197.0442 154.9458 196.3213 156.0992 195.2805 155.2220
192.3551 156.6109 192.4407 158.3748 190.9564 158.1652
192.2043 154.5137 192.3551 156.6109 190.8120 155.2858
192.4407 158.3748 192.3551 156.6109 194.0727 157.7003
195.2805 155.2220 193.9730 155.5031 195.0981 153.8971
194.0727 157.7003 192.3551 156.6109 193.9730 155.5031
197.0442 154.9458 195.0981 153.8971 196.4625 153.2580
195.4323 158.5283 195.1295 160.3321 193.9530 159.7224
190.9564 158.1652 192.4407 158.3748 191.2112 159.6423
194.0307 166.0694 193.9278 164.5116 195.7627 165.0966
193.9530 159.7224 192.5728 159.9987 192.4407 158.3748
189.7187 159.1677 190.9564 158.1652 191.2112 159.6423
192.3551 156.6109 190.9564 158.1652 190.3302 156.8033
195.2805 155.2220 196.3213 156.0992 194.0727 157.7003
193.9530 159.7224 194.7266 161.5944 192.5318 161.4056
201.2948 155.8589 199.9907 154.9408 201.6000 154.4167
201.2467 158.5937 200.2747 156.9231 202.2769 156.9583
190.7077 165.0417 191.4975 163.9658 192.3692 165.5555
189.7504 161.6518 191.1903 162.0846 190.3305 163.3181
191.2112 159.6423 191.1903 162.0846 189.7504 161.6518
191.1903 162.0846 192.5318 161.4056 192.7453 163.4921
192.5318 161.4056 193.5557 162.3550 192.7453 163.4921
194.7266 161.5944 195.2592 163.6961 193.5557 162.3550
191.1903 162.0846 191.4975 163.9658 190.3305 163.3181
192.3692 165.5555 191.4975 163.9658 192.7453 163.4921
197.5224 152.3023 196.4625 153.2580 196.1009 151.7953
198.2345 157.4241 196.3213 156.0992 198.5737 155.8663
200.2462 149.3333 199.4459 150.5975 198.4923 149.4444
200.9231 151.8750 201.6000 154.4167 200.3732 153.3824
198.2345 157.4241 200.2747 156.9231 199.9184 158.2485
194.0727 157.7003 196.5883 157.4340 195.4323 158.5283
196.4625 153.2580 198.3586 154.4928 197.0442 154.9458
199.9907 154.9408 200.2747 156.9231 198.5737 155.8663
198.5737 155.8663 198.3586 154.4928 199.9907 154.9408
199.9184 158.2485 200.2532 159.6233 198.7322 158.9388
199.9907 154.9408 200.3732 153.3824 201.6000 154.4167
198.5737 155.8663 196.3213 156.0992 197.0442 154.9458
194.0727 157.7003 196.3213 156.0992 196.5883 157.4340
201.6000 154.4167 202.2769 156.9583 201.2948 155.8589
199.0328 153.3333 198.3586 154.4928 197.5224 152.3023
198.3586 154.4928 199.0328 153.3333 199.9907 154.9408
200.9231 151.8750 200.3732 153.3824 198.9166 151.9970
199.0328 153.3333 198.9166 151.9970 200.3732 153.3824
200.9231 151.8750 199.4459 150.5975 200.2462 149.3333
197.2285 150.9057 199.4459 150.5975 198.9166 151.9970
192.4407 158.3748 192.5728 159.9987 191.2112 159.6423
193.9530 159.7224 192.5318 161.4056 192.5728 159.9987
192.5318 161.4056 194.7266 161.5944 193.5557 162.3550
197.2522 162.1700 194.7266 161.5944 195.1295 160.3321
195.2592 163.6961 196.6210 163.4101 195.7627 165.0966
193.5557 162.3550 195.2592 163.6961 193.9278 164.5116
198.2345 157.4241 198.5737 155.8663 200.2747 156.9231
196.6210 163.4101 194.7266 161.5944 197.2522 162.1700
202.2769 156.9583 200.2747 156.9231 201.2948 155.8589
199.9907 154.9408 201.2948 155.8589 200.2747 156.9231
202.0822 162.2628 201.2741 160.6031 203.3734 161.0754
197.2925 158.7104 196.3541 159.8260 195.4323 158.5283
200.9380 163.9387 202.0822 162.2628 202.7201 163.4160
200.2747 156.9231 201.2467 158.5937 199.9184 158.2485
200.2532 159.6233 201.2467 158.5937 201.2741 160.6031
203.7930 162.6507 202.7201 163.4160 202.0822 162.2628
200.2532 159.6233 199.3740 160.7319 198.7322 158.9388
202.9538 159.5000 201.2741 160.6031 201.2467 158.5937
199.9184 158.2485 198.7322 158.9388 198.2345 157.4241
199.9907 154.9408 199.0328 153.3333 200.3732 153.3824
197.5224 152.3023 198.3586 154.4928 196.4625 153.2580
197.2285 150.9057 198.9166 151.9970 197.5224 152.3023
199.0328 153.3333 197.5224 152.3023 198.9166 151.9970
197.1914 164.6794 195.6923 166.5833 195.7627 165.0966
192.3692 165.5555 192.7453 163.4921 193.9278 164.5116
195.7627 165.0966 195.6923 166.5833 194.0307 166.0694
195.4323 158.5283 193.9530 159.7224 194.0727 157.7003
197.2522 162.1700 195.1295 160.3321 196.3541 159.8260
196.3541 159.8260 197.2925 158.7104 197.8701 160.2587
198.0815 163.4403 196.6210 163.4101 197.2522 162.1700
202.0822 162.2628 203.3734 161.0754 203.7930 162.6507
201.2741 160.6031 200.3317 162.3780 199.3740 160.7319
195.7627 165.0966 193.9278 164.5116 195.2592 163.6961
192.3692 165.5555 193.9278 164.5116 194.0307 166.0694
194.7266 161.5944 196.6210 163.4101 195.2592 163.6961
198.0815 163.4403 197.2522 162.1700 198.7991 162.1680
201.2741 160.6031 202.9538 159.5000 203.3734 161.0754
204.2125 164.2261 202.4287 164.7012 202.7201 163.4160
201.2741 160.6031 202.0822 162.2628 200.3317 162.3780
199.0153 167.6111 200.6788 165.7605 201.1730 166.9431
197.3538 167.0972 198.6374 165.8902 199.0153 167.6111
204.2125 164.2261 204.6321 165.8014 203.3126 165.6875
202.7201 163.4160 202.4287 164.7012 200.9380 163.9387
202.7201 163.4160 203.7930 162.6507 204.2125 164.2261
200.3317 162.3780 198.7991 162.1680 199.3740 160.7319
197.8701 160.2587 197.2522 162.1700 196.3541 159.8260
201.2467 158.5937 200.2532 159.6233 199.9184 158.2485
201.2741 160.6031 199.3740 160.7319 200.2532 159.6233
198.7991 162.1680 200.3317 162.3780 199.2939 164.2551
197.8701 160.2587 198.7991 162.1680 197.2522 162.1700
200.3317 162.3780 200.9380 163.9387 199.2939 164.2551
199.2939 164.2551 200.6788 165.7605 198.6374 165.8902
198.7322 158.9388 199.3740 160.7319 197.8701 160.2587
197.8701 160.2587 199.3740 160.7319 198.7991 162.1680
197.1914 164.6794 198.6374 165.8902 197.3538 167.0972
199.2939 164.2551 200.9380 163.9387 200.6788 165.7605
200.6788 165.7605 202.4287 164.7012 202.4256 166.6710
199.0153 167.6111 198.6374 165.8902 200.6788 165.7605
198.7991 162.1680 199.2939 164.2551 198.0815 163.4403
197.1914 164.6794 198.0815 163.4403 199.2939 164.2551
200.9380 163.9387 200.3317 162.3780 202.0822 162.2628
200.6788 165.7605 200.9380 163.9387 202.4287 164.7012
202.4287 164.7012 203.3126 165.6875 202.4256 166.6710
205.1468 167.7341 203.6067 167.6620 204.6321 165.8014
204.2125 164.2261 203.3126 165.6875 202.4287 164.7012
202.4256 166.6710 203.6067 167.6620 202.3384 168.6389
202.3384 168.6389 201.1730 166.9431 202.4256 166.6710
199.0153 167.6111 201.1730 166.9431 200.6769 168.1250
202.9538 159.5000 201.2467 158.5937 202.6154 158.2292
177.2978 147.7559 177.4339 149.2187 176.0000 148.4444
178.9858 150.0146 177.4339 149.2187 178.7165 148.2135
175.6874 147.0097 177.2978 147.7559 176.0000 148.4444
178.7165 148.2135 177.2978 147.7559 178.4069 146.7925
176.8600 144.3354 176.2395 142.8286 177.7473 142.9686
174.5231 141.6667 176.2395 142.8286 174.9489 143.6208
178.7998 144.0418 176.8600 144.3354 177.7473 142.9686
175.3747 145.5750 176.8600 144.3354 177.2440 145.9191
185.9788 161.4167 187.1536 160.4856 187.3368 161.8245
184.0615 162.9861 185.9788 161.4167 185.7231 163.5000
188.2388 159.6803 186.1956 158.6927 187.0483 157.6543
184.7683 159.0779 186.1956 158.6927 185.8918 160.0015
184.7683 159.0779 183.5286 159.8384 182.5628 158.2661
186.1956 158.6927 184.7683 159.0779 185.2745 157.7145
188.4943 161.0496 187.3368 161.8245 187.1536 160.4856
189.7504 161.6518 190.3305 163.3181 188.6382 162.9037
184.0615 162.9861 182.4000 162.4722 183.6057 161.5168
184.6763 160.4119 183.6057 161.5168 183.5286 159.8384
186.1956 158.6927 187.1536 160.4856 185.8918 160.0015
188.4943 161.0496 187.1536 160.4856 188.2388 159.6803
189.7187 159.1677 188.4943 161.0496 188.2388 159.6803
188.6382 162.9037 188.4943 161.0496 189.7504 161.6518
187.3368 161.8245 188.6382 162.9037 187.3846 164.0139
189.0461 164.5278 187.3846 164.0139 188.6382 162.9037
184.7683 159.0779 184.6763 160.4119 183.5286 159.8384
185.9788 161.4167 184.6763 160.4119 185.8918 160.0015
187.1536 160.4856 185.9788 161.4167 185.8918 160.0015
185.7231 163.5000 185.9788 161.4167 187.3368 161.8245
197.2925 158.7104 195.4323 158.5283 196.5883 157.4340
195.1295 160.3321 195.4323 158.5283 196.3541 159.8260
196.5883 157.4340 196.3213 156.0992 198.2345 157.4241
197.8701 160.2587 197.2925 158.7104 198.7322 158.9388
198.7322 158.9388 197.2925 158.7104 198.2345 157.4241
196.5883 157.4340 198.2345 157.4241 197.2925 158.7104
