99.1152 158.1137 97.9872 156.9744 99.5789 156.7822
64.1231 174.7778 65.5116 173.9063 66.1755 175.0711
74.1941 170.7794 75.6971 169.1391 76.2925 170.4053
98.5271 166.0838 98.0378 167.3699 96.5775 165.9696
109.0629 149.2743 107.7848 150.1401 107.1653 147.7604
77.1055 169.2505 77.3594 167.9879 78.6471 167.9651
95.6308 159.1111 94.6627 157.5974 96.3758 158.0800
99.5789 156.7822 97.9872 156.9744 98.0151 155.2993
109.8217 150.3670 107.7848 150.1401 109.0629 149.2743
103.5938 154.6705 104.6154 155.7778 102.7077 155.8889
109.5385 151.6667 109.8217 150.3670 111.1385 150.5556
109.0629 149.2743 111.6308 148.6667 109.8217 150.3670
68.2885 172.1632 69.2923 174.1111 67.9380 173.9245
97.1652 162.8051 97.8461 164.4445 96.5232 164.0329
73.9370 172.2768 73.1385 173.5694 72.1828 172.0860
98.0151 155.2993 96.3926 156.8081 96.0577 154.7327
100.0412 153.9445 98.0151 155.2993 98.8346 152.9896
94.1029 159.6290 92.9991 158.2301 94.6627 157.5974
99.5789 156.7822 99.4764 155.3759 100.8000 156.0000
107.7848 150.1401 109.8217 150.3670 108.5501 151.4808
110.1241 146.8400 112.1231 146.7778 111.6308 148.6667
96.3980 160.9581 97.1652 162.8051 95.1501 162.5331
92.1278 166.1929 90.8048 166.5060 91.2535 165.1044
109.8217 150.3670 109.5385 151.6667 108.5501 151.4808
108.5501 151.4808 106.5846 151.1111 107.7848 150.1401
94.7879 160.9284 94.1029 159.6290 95.6308 159.1111
96.0577 154.7327 97.4461 153.8611 98.0151 155.2993
96.3926 156.8081 96.3758 158.0800 94.6627 157.5974
93.1848 160.7757 92.6553 159.5347 94.1029 159.6290
100.0412 153.9445 100.2230 152.1181 101.5774 154.0334
98.0151 155.2993 99.4764 155.3759 99.5789 156.7822
106.5846 152.1111 104.9774 153.8354 104.9358 151.9746
101.6115 151.2465 103.0000 150.3750 103.5146 151.7233
103.5938 154.6705 101.5774 154.0334 103.5062 153.1665
100.2230 152.1181 101.6115 151.2465 102.1132 152.6463
103.5938 154.6705 104.9774 153.8354 104.6154 155.7778
103.5938 154.6705 102.7077 155.8889 101.5774 154.0334
106.5846 153.6667 104.9774 153.8354 106.5846 152.1111
100.8000 156.0000 100.6769 157.6667 99.5789 156.7822
98.8346 152.9896 98.0151 155.2993 97.4461 153.8611
101.5774 154.0334 102.7077 155.8889 100.8000 156.0000
104.9774 153.8354 103.5938 154.6705 103.5062 153.1665
100.0412 153.9445 100.8000 156.0000 99.4764 155.3759
100.0412 153.9445 101.5774 154.0334 100.8000 156.0000
104.9774 153.8354 103.5062 153.1665 104.9358 151.9746
104.6154 155.7778 104.9774 153.8354 106.5846 153.6667
103.5062 153.1665 103.5146 151.7233 104.9358 151.9746
105.6880 150.0321 104.9358 151.9746 104.3884 149.5035
104.9358 151.9746 106.5846 151.1111 106.5846 152.1111
103.5062 153.1665 101.5774 154.0334 102.1132 152.6463
103.5146 151.7233 103.5062 153.1665 102.1132 152.6463
105.6880 150.0321 104.3884 149.5035 105.7769 148.6320
105.6880 150.0321 107.7848 150.1401 106.5846 151.1111
107.1653 147.7604 107.7848 150.1401 105.7769 148.6320
104.3884 149.5035 103.5146 151.7233 103.0000 150.3750
104.3884 149.5035 104.9358 151.9746 103.5146 151.7233
100.6769 157.6667 99.1152 158.1137 99.5789 156.7822
96.3758 158.0800 97.9872 156.9744 97.5536 158.5607
66.1755 175.0711 66.9000 173.0347 67.9380 173.9245
95.1501 162.5331 93.7305 162.1430 94.7879 160.9284
100.2230 152.1181 102.1132 152.6463 101.5774 154.0334
103.5146 151.7233 102.1132 152.6463 101.6115 151.2465
66.1755 175.0711 67.5077 175.2222 65.7231 176.3333
66.1755 175.0711 67.9380 173.9245 67.5077 175.2222
68.2885 172.1632 69.6769 171.2917 70.4792 172.5460
69.2923 174.1111 67.5077 175.2222 67.9380 173.9245
67.9380 173.9245 66.9000 173.0347 68.2885 172.1632
64.1231 174.7778 66.1755 175.0711 65.7231 176.3333
66.9000 173.0347 66.1755 175.0711 65.5116 173.9063
78.0077 166.0625 78.6471 167.9651 77.3594 167.9879
98.0810 170.0567 99.2943 167.9308 100.0615 169.7778
98.0810 170.0567 96.9590 169.2602 98.0378 167.3699
86.4155 166.3549 88.3611 165.5663 87.9673 166.8970
70.4792 172.5460 69.6769 171.2917 71.0654 170.4202
84.6311 167.9269 85.4636 168.8904 84.7352 169.9348
91.8174 161.0571 92.4443 162.1809 90.9216 162.1279
95.2437 164.5644 92.8540 165.0005 93.8351 163.6115
96.5232 164.0329 95.1501 162.5331 97.1652 162.8051
96.5775 165.9696 97.8461 164.4445 98.5271 166.0838
95.1501 162.5331 96.5232 164.0329 95.2437 164.5644
98.0378 167.3699 99.2943 167.9308 98.0810 170.0567
92.4443 162.1809 93.7305 162.1430 93.8351 163.6115
81.6862 167.2975 80.8288 165.9316 82.4148 165.8881
96.5775 165.9696 95.0078 166.1239 95.2437 164.5644
90.5038 158.2188 91.1822 159.5264 89.1154 159.0903
96.9590 169.2602 98.0810 170.0567 96.1006 170.3356
91.9576 167.5787 92.9095 169.1888 91.0303 169.2845
96.5232 164.0329 96.5775 165.9696 95.2437 164.5644
96.5775 165.9696 96.5232 164.0329 97.8461 164.4445
95.5148 167.3805 95.0078 166.1239 96.5775 165.9696
95.0546 168.6549 96.1006 170.3356 94.1201 170.6145
95.0546 168.6549 96.9590 169.2602 96.1006 170.3356
96.9590 169.2602 96.7671 167.8977 98.0378 167.3699
95.0546 168.6549 94.1201 170.6145 92.9095 169.1888
95.2437 164.5644 95.0078 166.1239 92.8540 165.0005
95.5148 167.3805 96.5775 165.9696 96.7671 167.8977
92.8540 165.0005 95.0078 166.1239 93.8638 167.2098
91.2535 165.1044 92.8540 165.0005 92.1278 166.1929
95.2437 164.5644 93.8351 163.6115 95.1501 162.5331
80.9245 168.4565 80.1025 167.3395 81.6862 167.2975
77.3594 167.9879 75.2308 167.8056 76.6192 166.9340
75.2308 167.8056 77.3594 167.9879 75.6971 169.1391
78.0077 166.0625 79.3962 165.1910 80.1025 167.3395
78.9752 169.9257 80.0198 171.1212 78.7515 171.4548
76.2925 170.4053 77.1055 169.2505 77.4752 171.1529
75.6971 169.1391 73.8423 168.6771 75.2308 167.8056
82.4148 165.8881 83.2446 167.2101 81.6862 167.2975
98.5271 166.0838 99.2943 167.9308 98.0378 167.3699
96.5775 165.9696 98.0378 167.3699 96.7671 167.8977
92.0855 163.4167 92.8540 165.0005 91.2535 165.1044
93.8351 163.6115 92.8540 165.0005 92.0855 163.4167
90.9216 162.1279 92.0855 163.4167 90.3612 163.7715
93.7305 162.1430 95.1501 162.5331 93.8351 163.6115
90.1210 160.5481 88.6615 161.3267 89.1154 159.0903
91.8174 161.0571 90.9216 162.1279 90.1210 160.5481
89.6874 162.6245 90.9216 162.1279 90.3612 163.7715
89.6874 162.6245 88.6615 161.3267 90.1210 160.5481
80.9613 169.8428 80.9245 168.4565 82.9072 169.0976
91.8923 157.3472 92.9991 158.2301 91.1822 159.5264
88.6453 164.0080 90.3612 163.7715 89.7462 165.6529
94.7879 160.9284 95.6308 159.1111 96.3980 160.9581
89.6874 162.6245 90.3612 163.7715 88.6453 164.0080
84.9445 165.6213 84.6311 167.9269 83.2446 167.2101
92.4443 162.1809 93.8351 163.6115 92.0855 163.4167
94.7879 160.9284 93.7305 162.1430 93.1848 160.7757
94.7879 160.9284 93.1848 160.7757 94.1029 159.6290
95.1501 162.5331 94.7879 160.9284 96.3980 160.9581
89.6874 162.6245 90.1210 160.5481 90.9216 162.1279
92.4443 162.1809 93.1848 160.7757 93.7305 162.1430
94.6627 157.5974 94.6692 155.6042 96.3926 156.8081
92.9991 158.2301 92.6553 159.5347 91.1822 159.5264
94.6692 155.6042 96.0577 154.7327 96.3926 156.8081
96.3758 158.0800 97.5536 158.5607 95.6308 159.1111
91.8174 161.0571 90.1210 160.5481 91.1822 159.5264
79.3962 165.1910 80.7846 164.3195 80.8288 165.9316
73.8423 168.6771 75.6971 169.1391 74.1941 170.7794
74.1941 170.7794 72.4539 169.5486 73.8423 168.6771
79.6579 168.8037 78.9752 169.9257 78.6471 167.9651
77.4752 171.1529 75.8487 171.9250 76.2925 170.4053
90.9216 162.1279 92.4443 162.1809 92.0855 163.4167
93.1848 160.7757 92.4443 162.1809 91.8174 161.0571
97.5536 158.5607 97.9872 156.9744 99.1152 158.1137
98.0151 155.2993 97.9872 156.9744 96.3926 156.8081
92.9991 158.2301 91.8923 157.3472 93.2807 156.4757
94.1029 159.6290 94.6627 157.5974 95.6308 159.1111
97.9872 156.9744 96.3758 158.0800 96.3926 156.8081
77.3594 167.9879 77.1055 169.2505 75.6971 169.1391
78.0077 166.0625 77.3594 167.9879 76.6192 166.9340
80.1025 167.3395 79.3962 165.1910 80.8288 165.9316
79.6579 168.8037 80.1025 167.3395 80.9245 168.4565
92.9991 158.2301 93.2807 156.4757 94.6627 157.5974
94.6627 157.5974 93.2807 156.4757 94.6692 155.6042
75.0615 173.2986 73.1385 173.5694 73.9370 172.2768
86.3384 160.8333 86.9429 162.8196 84.9500 161.7049
82.9072 169.0976 83.4758 170.2703 81.6303 171.2007
83.2446 167.2101 82.4148 165.8881 84.9445 165.6213
80.1025 167.3395 80.8288 165.9316 81.6862 167.2975
80.1025 167.3395 78.6471 167.9651 78.0077 166.0625
80.7846 164.3195 82.4148 165.8881 80.8288 165.9316
88.3611 165.5663 86.4155 166.3549 87.1519 164.8852
82.9072 169.0976 80.9245 168.4565 81.6862 167.2975
78.9752 169.9257 77.1055 169.2505 78.6471 167.9651
87.3899 161.5985 87.7269 159.9618 88.6615 161.3267
81.6862 167.2975 83.2446 167.2101 82.9072 169.0976
80.9613 169.8428 78.9752 169.9257 79.6579 168.8037
84.7352 169.9348 82.9072 169.0976 84.6311 167.9269
80.0198 171.1212 80.9613 169.8428 81.6303 171.2007
83.9151 164.2523 82.1731 163.4479 83.5615 162.5764
82.9072 169.0976 83.2446 167.2101 84.6311 167.9269
86.9429 162.8196 88.6453 164.0080 87.1519 164.8852
90.5038 158.2188 91.8923 157.3472 91.1822 159.5264
88.6615 161.3267 87.7269 159.9618 89.1154 159.0903
86.9429 162.8196 89.6874 162.6245 88.6453 164.0080
91.0303 169.2845 90.2740 171.1562 89.0840 169.4621
89.7462 165.6529 88.3611 165.5663 88.6453 164.0080
85.6060 163.9796 83.9151 164.2523 83.5615 162.5764
94.1029 159.6290 92.6553 159.5347 92.9991 158.2301
91.8174 161.0571 92.6553 159.5347 93.1848 160.7757
91.2535 165.1044 89.7462 165.6529 90.3612 163.7715
89.7462 165.6529 90.0164 167.6137 87.9673 166.8970
87.1519 164.8852 84.9445 165.6213 85.6060 163.9796
92.0855 163.4167 91.2535 165.1044 90.3612 163.7715
93.8638 167.2098 91.9576 167.5787 92.1278 166.1929
90.0164 167.6137 91.0303 169.2845 89.0840 169.4621
87.1519 164.8852 86.4155 166.3549 84.9445 165.6213
80.9613 169.8428 80.0198 171.1212 78.9752 169.9257
78.9077 172.7569 78.7515 171.4548 80.0198 171.1212
80.1025 167.3395 79.6579 168.8037 78.6471 167.9651
80.9613 169.8428 79.6579 168.8037 80.9245 168.4565
82.7538 172.2153 81.6303 171.2007 83.4758 170.2703
78.9077 172.7569 76.9846 173.0278 77.4752 171.1529
80.0198 171.1212 80.8307 172.4861 78.9077 172.7569
76.9846 173.0278 75.8487 171.9250 77.4752 171.1529
77.1055 169.2505 78.9752 169.9257 77.4752 171.1529
78.9077 172.7569 77.4752 171.1529 78.7515 171.4548
78.9752 169.9257 78.7515 171.4548 77.4752 171.1529
71.0654 170.4202 72.4539 169.5486 72.8238 170.8713
72.1828 172.0860 72.8238 170.8713 73.9370 172.2768
77.1055 169.2505 76.2925 170.4053 75.6971 169.1391
75.8487 171.9250 74.1941 170.7794 76.2925 170.4053
86.4155 166.3549 86.7353 168.8245 85.4636 168.8904
85.4636 168.8904 87.2990 170.2976 84.7352 169.9348
84.7352 169.9348 83.4758 170.2703 82.9072 169.0976
84.6769 171.9445 82.7538 172.2153 83.4758 170.2703
89.0840 169.4621 90.2740 171.1562 88.4083 171.4189
89.0840 169.4621 88.4083 171.4189 87.2990 170.2976
87.9673 166.8970 90.0164 167.6137 88.6943 168.1062
91.8174 161.0571 91.1822 159.5264 92.6553 159.5347
89.1154 159.0903 91.1822 159.5264 90.1210 160.5481
88.6453 164.0080 88.3611 165.5663 87.1519 164.8852
89.7462 165.6529 87.9673 166.8970 88.3611 165.5663
89.6874 162.6245 86.9429 162.8196 88.6615 161.3267
86.3384 160.8333 87.3899 161.5985 86.9429 162.8196
72.1828 172.0860 73.1385 173.5694 71.2154 173.8403
75.8487 171.9250 73.9370 172.2768 74.1941 170.7794
69.2923 174.1111 68.2885 172.1632 70.4792 172.5460
72.4539 169.5486 74.1941 170.7794 72.8238 170.8713
76.9846 173.0278 75.0615 173.2986 75.8487 171.9250
75.8487 171.9250 75.0615 173.2986 73.9370 172.2768
88.6943 168.1062 86.7353 168.8245 87.9673 166.8970
84.6769 171.9445 84.7352 169.9348 86.5426 171.6817
84.7352 169.9348 87.2990 170.2976 86.5426 171.6817
84.6769 171.9445 83.4758 170.2703 84.7352 169.9348
81.6303 171.2007 82.7538 172.2153 80.8307 172.4861
89.0840 169.4621 87.2990 170.2976 86.7353 168.8245
88.4083 171.4189 86.5426 171.6817 87.2990 170.2976
91.9576 167.5787 91.0303 169.2845 90.0164 167.6137
90.2740 171.1562 91.0303 169.2845 92.1397 170.8934
90.0164 167.6137 89.7462 165.6529 90.8048 166.5060
95.0546 168.6549 92.9095 169.1888 93.8638 167.2098
93.8638 167.2098 92.1278 166.1929 92.8540 165.0005
90.8048 166.5060 91.9576 167.5787 90.0164 167.6137
95.0078 166.1239 95.5148 167.3805 93.8638 167.2098
92.1397 170.8934 92.9095 169.1888 94.1201 170.6145
91.2535 165.1044 90.8048 166.5060 89.7462 165.6529
91.9576 167.5787 90.8048 166.5060 92.1278 166.1929
90.0164 167.6137 89.0840 169.4621 88.6943 168.1062
86.7353 168.8245 88.6943 168.1062 89.0840 169.4621
84.9500 161.7049 85.6060 163.9796 83.5615 162.5764
84.9500 161.7049 86.9429 162.8196 85.6060 163.9796
87.1519 164.8852 85.6060 163.9796 86.9429 162.8196
85.6060 163.9796 84.9445 165.6213 83.9151 164.2523
84.9445 165.6213 82.4148 165.8881 83.9151 164.2523
82.6842 164.6294 80.7846 164.3195 82.1731 163.4479
82.6842 164.6294 82.1731 163.4479 83.9151 164.2523
83.9151 164.2523 82.4148 165.8881 82.6842 164.6294
80.7846 164.3195 82.6842 164.6294 82.4148 165.8881
86.7353 168.8245 86.4155 166.3549 87.9673 166.8970
84.6311 167.9269 84.9445 165.6213 86.4155 166.3549
87.7269 159.9618 87.3899 161.5985 86.3384 160.8333
88.6615 161.3267 86.9429 162.8196 87.3899 161.5985
71.2154 173.8403 70.4792 172.5460 72.1828 172.0860
70.4792 172.5460 71.0654 170.4202 72.1828 172.0860
69.2923 174.1111 70.4792 172.5460 71.2154 173.8403
86.4155 166.3549 85.4636 168.8904 84.6311 167.9269
87.2990 170.2976 85.4636 168.8904 86.7353 168.8245
96.9590 169.2602 95.0546 168.6549 96.7671 167.8977
96.7671 167.8977 95.0546 168.6549 95.5148 167.3805
93.8638 167.2098 95.5148 167.3805 95.0546 168.6549
73.9370 172.2768 72.8238 170.8713 74.1941 170.7794
71.0654 170.4202 72.8238 170.8713 72.1828 172.0860
91.0303 169.2845 92.9095 169.1888 92.1397 170.8934
92.9095 169.1888 91.9576 167.5787 93.8638 167.2098
107.7848 150.1401 105.6880 150.0321 105.7769 148.6320
104.9358 151.9746 105.6880 150.0321 106.5846 151.1111
109.3731 147.9611 107.1653 147.7604 108.5538 146.8889
109.0629 149.2743 107.1653 147.7604 109.3731 147.9611
109.8217 150.3670 111.6308 148.6667 111.1385 150.5556
109.3731 147.9611 111.6308 148.6667 109.0629 149.2743
108.5538 146.8889 110.1241 146.8400 109.3731 147.9611
111.6308 148.6667 109.3731 147.9611 110.1241 146.8400
81.6303 171.2007 80.9613 169.8428 82.9072 169.0976
80.0198 171.1212 81.6303 171.2007 80.8307 172.4861
98.0151 155.2993 100.0412 153.9445 99.4764 155.3759
100.2230 152.1181 100.0412 153.9445 98.8346 152.9896
