247.0154 177.7778 247.2338 176.2098 248.9846 177.0000
246.4000 177.5556 247.2338 176.2098 247.0154 177.7778
240.9846 163.0000 242.5015 163.1813 241.6615 164.8195
245.5385 167.5556 244.1971 167.7838 244.1311 166.4247
244.1311 166.4247 243.4832 164.7191 244.8334 164.8913
244.1311 166.4247 245.8312 165.8170 245.5385 167.5556
245.9077 164.0555 247.1385 167.0000 245.8312 165.8170
248.7077 174.5000 246.9085 174.0103 248.3077 172.7777
246.9085 174.0103 248.7077 174.5000 247.2338 176.2098
247.5077 169.3333 246.3795 170.1452 245.7846 168.8889
246.2332 172.2649 245.0462 173.9167 244.3692 172.0973
242.9538 161.7222 242.5015 163.1813 241.2308 162.3333
245.7231 175.7362 245.0462 173.9167 246.9085 174.0103
246.4000 177.5556 245.7231 175.7362 247.2338 176.2098
243.4832 164.7191 241.6615 164.8195 242.5015 163.1813
245.5385 167.5556 244.4379 169.1306 244.1971 167.7838
242.3385 166.6389 243.4832 164.7191 244.1311 166.4247
241.2308 162.3333 242.5015 163.1813 240.9846 163.0000
244.6769 161.1111 244.3403 163.0897 242.9538 161.7222
245.8312 165.8170 247.1385 167.0000 245.5385 167.5556
245.9077 164.0555 244.8334 164.8913 244.3403 163.0897
244.4379 169.1306 245.7846 168.8889 245.0651 170.8027
244.3692 172.0973 245.0651 170.8027 246.2332 172.2649
246.3795 170.1452 247.5077 169.3333 247.9077 171.0555
244.1971 167.7838 244.4379 169.1306 243.0154 168.4583
243.4832 164.7191 242.3385 166.6389 241.6615 164.8195
246.2332 172.2649 248.3077 172.7777 246.9085 174.0103
243.6923 170.2778 245.0651 170.8027 244.3692 172.0973
249.1077 176.2222 247.2338 176.2098 248.7077 174.5000
245.0462 173.9167 246.2332 172.2649 246.9085 174.0103
247.2338 176.2098 245.7231 175.7362 246.9085 174.0103
248.9846 177.0000 247.2338 176.2098 249.1077 176.2222
242.3385 166.6389 244.1311 166.4247 244.1971 167.7838
244.3403 163.0897 243.4832 164.7191 242.5015 163.1813
245.8312 165.8170 244.8334 164.8913 245.9077 164.0555
242.9538 161.7222 244.3403 163.0897 242.5015 163.1813
244.6769 161.1111 245.9077 164.0555 244.3403 163.0897
244.1311 166.4247 244.8334 164.8913 245.8312 165.8170
244.3403 163.0897 244.8334 164.8913 243.4832 164.7191
244.4379 169.1306 245.5385 167.5556 245.7846 168.8889
242.3385 166.6389 244.1971 167.7838 243.0154 168.4583
245.0651 170.8027 245.7846 168.8889 246.3795 170.1452
243.0154 168.4583 244.4379 169.1306 243.6923 170.2778
244.4379 169.1306 245.0651 170.8027 243.6923 170.2778
246.2332 172.2649 246.3795 170.1452 247.9077 171.0555
246.3795 170.1452 246.2332 172.2649 245.0651 170.8027
248.3077 172.7777 246.2332 172.2649 247.9077 171.0555
