117.8579 60.9271 117.1699 59.4702 118.8615 59.6666
117.8154 56.1111 116.3783 55.9494 117.2923 54.3333
118.4000 62.4444 116.5846 63.3056 116.2461 61.8333
118.7692 63.6667 116.9230 64.7778 116.5846 63.3056
119.2538 69.9370 117.6000 67.7223 119.8769 68.8889
117.6000 67.7223 119.2538 69.9370 118.2769 70.6667
119.8769 68.8889 117.6000 67.7223 119.2133 67.3788
120.8615 67.4444 120.1025 65.7777 120.8615 64.1111
118.2769 70.6667 119.2538 69.9370 120.6080 71.0691
121.0817 72.6415 120.9846 74.1111 119.6308 72.3889
120.8615 67.4444 119.8769 68.8889 119.2133 67.3788
118.0893 66.0597 119.2133 67.3788 117.6000 67.7223
115.9077 60.3611 115.5692 58.8889 117.1699 59.4702
119.2538 69.9370 120.3692 69.4444 120.6080 71.0691
123.2000 71.1111 121.8967 71.5384 122.7077 69.1111
119.8769 68.8889 120.3692 69.4444 119.2538 69.9370
118.0893 66.0597 117.6000 67.7223 116.9230 64.7778
118.9695 65.0167 120.1025 65.7777 118.0893 66.0597
118.7692 63.6667 118.9695 65.0167 116.9230 64.7778
118.9695 65.0167 120.8615 64.1111 120.1025 65.7777
120.8615 67.4444 119.2133 67.3788 120.1025 65.7777
118.0893 66.0597 120.1025 65.7777 119.2133 67.3788
118.8615 59.6666 117.1699 59.4702 118.3385 57.8889
116.7485 57.8202 115.3846 57.0000 116.3783 55.9494
116.9230 64.7778 118.9695 65.0167 118.0893 66.0597
120.8615 64.1111 118.9695 65.0167 118.7692 63.6667
116.7485 57.8202 117.1699 59.4702 115.5692 58.8889
120.6080 71.0691 122.7077 69.1111 121.8967 71.5384
121.0817 72.6415 123.6923 73.1111 120.9846 74.1111
118.4000 62.4444 117.8579 60.9271 119.3846 61.4444
118.3385 57.8889 116.7485 57.8202 117.8154 56.1111
115.9077 60.3611 117.8579 60.9271 116.2461 61.8333
118.3385 57.8889 117.1699 59.4702 116.7485 57.8202
115.5692 58.8889 115.3846 57.0000 116.7485 57.8202
115.2000 55.1111 116.3783 55.9494 115.3846 57.0000
118.7692 63.6667 116.5846 63.3056 118.4000 62.4444
121.0817 72.6415 119.6308 72.3889 120.6080 71.0691
120.6080 71.0691 120.3692 69.4444 122.7077 69.1111
118.2769 70.6667 120.6080 71.0691 119.6308 72.3889
121.0817 72.6415 121.8967 71.5384 123.6923 73.1111
119.3846 61.4444 117.8579 60.9271 118.8615 59.6666
116.2461 61.8333 117.8579 60.9271 118.4000 62.4444
117.8579 60.9271 115.9077 60.3611 117.1699 59.4702
123.6923 73.1111 121.8967 71.5384 123.2000 71.1111
121.0817 72.6415 120.6080 71.0691 121.8967 71.5384
117.2923 54.3333 116.3783 55.9494 115.2000 55.1111
116.7485 57.8202 116.3783 55.9494 117.8154 56.1111
