134.1623 168.8282 133.3828 171.5005 132.5477 170.2323
134.1623 168.8282 134.2769 167.7778 134.6462 167.8889
135.2000 169.3889 134.1623 168.8282 134.6462 167.8889
125.0180 176.4732 124.5538 177.7222 123.6895 176.4963
123.2923 174.3889 122.2007 176.3133 121.7231 175.3333
133.3828 171.5005 135.2000 169.3889 135.7538 170.8889
131.4462 172.0000 130.0924 173.3333 129.3726 172.0603
132.5477 170.2323 131.4462 172.0000 131.1385 169.6667
132.5477 170.2323 132.7077 168.7222 134.1623 168.8282
133.3828 171.5005 134.1623 168.8282 135.2000 169.3889
132.7077 168.7222 134.2769 167.7778 134.1623 168.8282
131.4462 172.0000 132.5477 170.2323 133.3828 171.5005
131.1385 169.6667 132.7077 168.7222 132.5477 170.2323
131.1385 169.6667 131.4462 172.0000 129.5692 170.6111
123.2923 174.3889 124.1197 175.3241 122.2007 176.3133
126.6612 173.9461 127.9301 173.2153 128.7385 174.6667
127.3846 176.0000 126.6612 173.9461 128.7385 174.6667
127.9301 173.2153 126.4308 172.5000 128.0000 171.5556
123.6895 176.4963 123.0769 178.1111 122.2007 176.3133
123.2923 174.3889 124.8615 173.4444 124.1197 175.3241
123.0769 178.1111 123.6895 176.4963 124.5538 177.7222
130.0924 173.3333 128.7385 174.6667 127.9301 173.2153
127.3846 176.0000 125.0180 176.4732 125.3078 174.9398
124.5538 177.7222 125.0180 176.4732 126.0308 177.3333
124.1197 175.3241 124.8615 173.4444 125.3078 174.9398
126.6612 173.9461 124.8615 173.4444 126.4308 172.5000
127.3846 176.0000 125.3078 174.9398 126.6612 173.9461
128.0000 171.5556 129.5692 170.6111 129.3726 172.0603
127.9301 173.2153 128.0000 171.5556 129.3726 172.0603
127.3846 176.0000 126.0308 177.3333 125.0180 176.4732
126.4308 172.5000 127.9301 173.2153 126.6612 173.9461
131.4462 172.0000 129.3726 172.0603 129.5692 170.6111
127.9301 173.2153 129.3726 172.0603 130.0924 173.3333
125.0180 176.4732 123.6895 176.4963 124.1197 175.3241
126.6612 173.9461 125.3078 174.9398 124.8615 173.4444
125.0180 176.4732 124.1197 175.3241 125.3078 174.9398
122.2007 176.3133 124.1197 175.3241 123.6895 176.4963
