120.6770 179.3333 120.4964 180.7014 118.9439 179.7364
116.5538 179.3333 116.5538 178.8889 117.5260 179.1111
119.1652 181.0650 120.4964 180.7014 120.3692 182.2777
117.8461 178.1667 119.6565 178.5935 118.9439 179.7364
119.1652 181.0650 118.2154 182.2500 117.6615 181.2777
119.1652 181.0650 118.8923 182.5590 118.2154 182.2500
119.6308 177.3333 120.6770 179.3333 119.6565 178.5935
120.3692 182.2777 119.0154 183.2222 118.8923 182.5590
117.6615 181.2777 117.5260 179.1111 118.9439 179.7364
119.6308 177.3333 119.6565 178.5935 119.1385 177.4444
118.8923 182.5590 118.7692 183.2222 118.2154 182.2500
119.6565 178.5935 117.8461 178.1667 119.1385 177.4444
117.5260 179.1111 116.5538 178.8889 117.8461 178.1667
119.1652 181.0650 120.3692 182.2777 118.8923 182.5590
119.0154 183.2222 118.7692 183.2222 118.8923 182.5590
117.5260 179.1111 117.6615 181.2777 116.5538 179.3333
121.7231 181.3333 120.4964 180.7014 120.6770 179.3333
120.6770 179.3333 118.9439 179.7364 119.6565 178.5935
117.6615 181.2777 118.9439 179.7364 119.1652 181.0650
120.3692 182.2777 120.4964 180.7014 121.7231 181.3333
118.9439 179.7364 120.4964 180.7014 119.1652 181.0650
117.8461 178.1667 118.9439 179.7364 117.5260 179.1111
