114.8307 185.2222 113.6337 184.5805 115.4540 183.5095
112.1231 186.1111 112.2759 184.6173 112.8615 186.0000
111.7203 183.2222 112.2462 181.6111 113.4503 182.0248
113.8379 183.2376 113.6337 184.5805 112.2759 184.6173
115.4113 181.8712 113.4503 182.0248 114.4595 181.2485
110.5231 183.0000 111.7203 183.2222 110.5231 183.4444
113.9692 180.2222 114.4595 181.2485 113.4503 182.0248
113.9692 180.2222 114.4615 180.1111 114.4595 181.2485
114.4615 180.1111 115.4113 181.8712 114.4595 181.2485
113.4503 182.0248 115.4113 181.8712 113.8379 183.2376
110.5231 183.4444 112.2759 184.6173 112.1231 186.1111
112.2759 184.6173 110.5231 183.4444 111.7203 183.2222
112.2462 181.6111 113.9692 180.2222 113.4503 182.0248
110.5231 183.0000 112.2462 181.6111 111.7203 183.2222
115.4540 183.5095 115.4113 181.8712 116.8000 184.4444
111.7203 183.2222 113.8379 183.2376 112.2759 184.6173
111.7203 183.2222 113.4503 182.0248 113.8379 183.2376
113.6337 184.5805 112.8615 186.0000 112.2759 184.6173
114.8307 185.2222 115.4540 183.5095 116.8000 184.4444
113.8379 183.2376 115.4113 181.8712 115.4540 183.5095
115.4540 183.5095 113.6337 184.5805 113.8379 183.2376
112.8615 186.0000 113.6337 184.5805 114.8307 185.2222
