281.6000 178.0000 281.6462 178.9583 281.2270 178.4982
280.0616 186.3333 278.5231 186.5556 279.3654 184.3238
280.1230 178.2222 281.2270 178.4982 280.6017 179.4889
281.2270 178.4982 281.6462 178.9583 280.6017 179.4889
280.1230 178.2222 279.3412 179.7654 278.8923 178.5555
280.1230 178.2222 280.6017 179.4889 279.3412 179.7654
280.6460 184.9429 281.9692 185.6667 281.6000 186.1111
281.6000 178.0000 281.2270 178.4982 281.3538 177.8889
280.6017 179.4889 281.6462 178.9583 281.6923 179.9167
280.1230 178.2222 281.3538 177.8889 281.2270 178.4982
281.7846 181.8333 280.3369 181.0932 281.6923 179.9167
280.0114 183.0566 280.3369 181.0932 281.7846 181.8333
280.6460 184.9429 281.8769 183.7500 281.9692 185.6667
280.6460 184.9429 281.6000 186.1111 280.0616 186.3333
281.8769 183.7500 280.6460 184.9429 280.0114 183.0566
277.8260 179.8154 278.8923 178.5555 279.3412 179.7654
278.7665 182.6350 278.6426 181.3265 280.3369 181.0932
278.7665 182.6350 280.0114 183.0566 279.3654 184.3238
276.9539 181.0555 277.8260 179.8154 278.6426 181.3265
276.4308 179.2222 277.8260 179.8154 276.9539 181.0555
280.3369 181.0932 279.3412 179.7654 280.6017 179.4889
281.6923 179.9167 280.3369 181.0932 280.6017 179.4889
281.7846 181.8333 281.8769 183.7500 280.0114 183.0566
278.0000 184.7222 279.3654 184.3238 278.5231 186.5556
278.6426 181.3265 279.3412 179.7654 280.3369 181.0932
278.0000 184.7222 277.4769 182.8889 278.7665 182.6350
278.7665 182.6350 280.3369 181.0932 280.0114 183.0566
277.4769 182.8889 276.9539 181.0555 278.6426 181.3265
278.8923 178.5555 277.8260 179.8154 276.4308 179.2222
278.6426 181.3265 277.8260 179.8154 279.3412 179.7654
280.0114 183.0566 280.6460 184.9429 279.3654 184.3238
277.4769 182.8889 278.6426 181.3265 278.7665 182.6350
280.0616 186.3333 279.3654 184.3238 280.6460 184.9429
278.7665 182.6350 279.3654 184.3238 278.0000 184.7222
