251.6247 184.3686 250.2145 183.0791 252.1847 183.1667
252.6154 185.2500 253.0462 187.3333 252.0250 186.8368
246.6462 182.3889 247.6308 181.1111 247.9782 183.6846
252.1847 183.1667 252.6154 185.2500 251.6247 184.3686
250.4459 184.9759 250.8762 187.1199 248.9524 186.5732
246.8134 184.5110 246.6462 182.3889 247.9782 183.6846
250.4459 184.9759 252.0250 186.8368 250.8762 187.1199
253.0462 187.3333 252.8000 187.6667 252.0250 186.8368
252.0250 186.8368 252.8000 187.6667 250.8762 187.1199
250.4459 184.9759 252.6154 185.2500 252.0250 186.8368
247.9782 183.6846 247.6308 181.1111 249.2076 181.7209
251.3231 179.0000 250.6186 180.2319 249.4769 179.3889
250.6186 180.2319 251.2372 182.2764 249.2076 181.7209
246.8134 184.5110 247.5531 186.1755 246.1538 185.7778
247.6308 181.1111 247.6308 179.7778 249.4769 179.3889
249.2076 181.7209 249.4769 179.3889 250.6186 180.2319
247.5531 186.1755 246.8134 184.5110 247.9782 183.6846
252.6154 185.2500 250.4459 184.9759 251.6247 184.3686
251.6247 184.3686 250.4459 184.9759 250.2145 183.0791
248.9524 186.5732 247.5531 186.1755 249.3050 184.1526
249.4769 179.3889 249.2076 181.7209 247.6308 181.1111
250.2145 183.0791 251.2372 182.2764 252.1847 183.1667
249.2076 181.7209 250.2145 183.0791 247.9782 183.6846
249.3050 184.1526 250.2145 183.0791 250.4459 184.9759
246.1538 185.7778 245.6615 183.6667 246.8134 184.5110
248.9524 186.5732 249.3050 184.1526 250.4459 184.9759
247.9782 183.6846 250.2145 183.0791 249.3050 184.1526
246.6462 182.3889 246.8134 184.5110 245.6615 183.6667
247.9782 183.6846 249.3050 184.1526 247.5531 186.1755
251.7539 181.0833 252.1847 183.1667 251.2372 182.2764
249.2076 181.7209 251.2372 182.2764 250.2145 183.0791
251.3231 179.0000 251.7539 181.0833 250.6186 180.2319
250.6186 180.2319 251.7539 181.0833 251.2372 182.2764
