280.3077 187.7778 281.4509 189.3279 279.6000 189.1111
281.4509 189.3279 280.3077 187.7778 281.4769 187.7778
282.9615 189.9032 281.6615 190.8638 281.4509 189.3279
280.1846 190.2222 281.6615 190.8638 281.3538 192.4444
280.3077 187.7778 279.6755 188.2205 279.1385 187.7778
281.6615 190.8638 281.9692 192.4444 281.3538 192.4444
285.2923 191.5556 283.6308 192.0000 284.5641 189.6929
279.0154 188.0000 279.1385 187.7778 279.6755 188.2205
281.4509 189.3279 281.6615 190.8638 280.1846 190.2222
280.3077 187.7778 279.6000 189.1111 279.6755 188.2205
279.6000 189.1111 279.0154 188.0000 279.6755 188.2205
279.6000 189.1111 281.4509 189.3279 280.1846 190.2222
282.6462 188.5423 281.4769 187.7778 283.8154 187.7778
281.9692 192.4444 281.6615 190.8638 283.6308 192.0000
284.5641 189.6929 282.9615 189.9032 282.6462 188.5423
282.9615 189.9032 283.6308 192.0000 281.6615 190.8638
281.4509 189.3279 281.4769 187.7778 282.6462 188.5423
283.6308 192.0000 282.9615 189.9032 284.5641 189.6929
284.5641 189.6929 282.6462 188.5423 283.8154 187.7778
281.4509 189.3279 282.6462 188.5423 282.9615 189.9032
