102.9846 188.4445 102.2434 190.0000 101.0462 189.7778
104.9231 187.1111 104.6154 189.1111 102.9846 188.4445
104.6154 189.1111 104.9846 190.7778 103.6690 190.1950
109.4154 186.1111 108.1627 185.8333 109.4154 185.5556
106.8615 185.7778 106.3114 188.0511 104.9231 187.1111
101.0462 189.7778 102.2434 190.0000 101.0462 190.2222
102.2434 190.0000 103.2615 192.6667 101.0462 190.2222
104.9231 187.1111 106.3114 188.0511 104.6154 189.1111
107.8634 187.0811 108.1627 185.8333 109.4154 186.1111
103.6690 190.1950 102.9846 188.4445 104.6154 189.1111
102.2434 190.0000 103.6690 190.1950 103.2615 192.6667
106.3114 188.0511 106.8615 185.7778 107.8634 187.0811
108.1627 185.8333 108.8000 184.4444 109.4154 185.5556
107.8634 187.0811 106.8615 185.7778 108.1627 185.8333
108.8000 184.4444 108.1627 185.8333 106.8615 185.7778
103.2615 192.6667 103.6690 190.1950 104.9846 190.7778
102.9846 188.4445 103.6690 190.1950 102.2434 190.0000
