169.6091 167.7563 168.4587 166.7252 170.1972 166.2657
149.8531 161.1229 149.6099 159.3591 151.1990 160.5623
150.9434 158.5219 149.6099 159.3591 149.0462 157.8889
163.2623 170.1087 164.1906 168.5566 164.8138 170.2543
183.2750 177.8921 184.1835 176.3307 185.2782 178.0126
151.0486 166.7988 151.4517 165.1293 153.1386 166.4201
164.5801 189.5929 165.7547 188.2642 166.1893 189.9835
174.5358 189.4210 174.4257 187.4596 175.8211 188.6875
168.1091 193.0886 166.1661 192.6696 167.4700 191.3377
191.7146 178.5284 189.5922 179.1639 190.6795 177.6212
168.1091 193.0886 165.5385 194.5556 166.1661 192.6696
162.8939 191.5546 163.1080 190.0330 164.7653 191.2383
175.0338 184.3983 175.3860 182.9357 176.3541 184.2931
166.1661 192.6696 165.5385 194.5556 164.2162 193.0551
164.7653 191.2383 164.2162 193.0551 162.8939 191.5546
164.9636 185.5863 166.1731 186.5408 164.4172 187.0270
166.1893 189.9835 164.7653 191.2383 164.5801 189.5929
170.5524 189.7350 168.6755 189.9639 169.3588 188.2686
164.7653 191.2383 166.1661 192.6696 164.2162 193.0551
167.4700 191.3377 166.1661 192.6696 166.1893 189.9835
164.5801 189.5929 164.7653 191.2383 163.1080 190.0330
166.1661 192.6696 164.7653 191.2383 166.1893 189.9835
167.5574 187.7894 167.4265 189.2314 165.7547 188.2642
169.3945 192.3551 167.4700 191.3377 168.6755 189.9639
162.5244 186.2143 163.3395 188.4961 161.7945 188.5248
170.5524 189.7350 170.6798 191.6215 168.6755 189.9639
169.3588 188.2686 167.4265 189.2314 167.5574 187.7894
168.9252 186.2729 169.3588 188.2686 167.5574 187.7894
168.1091 193.0886 167.4700 191.3377 169.3945 192.3551
169.3945 192.3551 168.6755 189.9639 170.6798 191.6215
167.4265 189.2314 167.4700 191.3377 166.1893 189.9835
171.9235 189.4971 171.2303 187.9643 172.8708 188.4779
163.1080 190.0330 163.3395 188.4961 164.5801 189.5929
163.3395 188.4961 164.4172 187.0270 165.7547 188.2642
160.2494 188.5535 161.7945 188.5248 161.5717 190.0540
163.1080 190.0330 161.7945 188.5248 163.3395 188.4961
174.5358 189.4210 173.2504 190.1545 172.8708 188.4779
163.3395 188.4961 165.7547 188.2642 164.5801 189.5929
167.5574 187.7894 165.7547 188.2642 166.1731 186.5408
160.9940 187.0347 161.7945 188.5248 160.2494 188.5535
160.3821 185.4578 160.9940 187.0347 159.2644 187.4357
160.3524 183.6401 160.9780 181.6239 162.1250 182.4320
160.3821 185.4578 159.0815 185.2785 160.3524 183.6401
165.7547 188.2642 164.4172 187.0270 166.1731 186.5408
157.2943 185.2001 158.5844 184.0633 159.0815 185.2785
163.3395 188.4961 162.5244 186.2143 164.4172 187.0270
163.2541 184.8848 164.9636 185.5863 164.4172 187.0270
167.0004 184.2230 168.2016 185.0238 166.1731 186.5408
167.4265 189.2314 169.3588 188.2686 168.6755 189.9639
164.9636 185.5863 167.0004 184.2230 166.1731 186.5408
172.5287 184.5718 172.7008 186.7673 170.8774 186.0288
163.2541 184.8848 162.1600 183.8347 163.5282 182.4249
171.2303 187.9643 169.3588 188.2686 170.0175 187.0805
171.8070 182.4840 172.5287 184.5718 170.9849 184.4865
174.4257 187.4596 174.9521 185.9732 176.5744 187.0218
171.2303 187.9643 170.5524 189.7350 169.3588 188.2686
171.9651 190.8880 170.6798 191.6215 170.5524 189.7350
163.2541 184.8848 164.4172 187.0270 162.5244 186.2143
164.9636 185.5863 164.5525 184.1013 165.8133 183.4204
169.2499 181.2751 170.3776 183.0809 168.1429 182.0370
168.2016 185.0238 167.0004 184.2230 168.2495 183.4842
168.9252 186.2729 167.5574 187.7894 166.1731 186.5408
171.2303 187.9643 170.8774 186.0288 172.7008 186.7673
170.0175 187.0805 169.3588 188.2686 168.9252 186.2729
172.8708 188.4779 171.2303 187.9643 172.7008 186.7673
171.9235 189.4971 171.9651 190.8880 170.5524 189.7350
168.9252 186.2729 169.4502 184.2993 170.8774 186.0288
171.8070 182.4840 170.9849 184.4865 170.3776 183.0809
172.8708 188.4779 172.7008 186.7673 174.4257 187.4596
173.2504 190.1545 171.9651 190.8880 171.9235 189.4971
168.9252 186.2729 170.8774 186.0288 170.0175 187.0805
171.2303 187.9643 170.0175 187.0805 170.8774 186.0288
170.3776 183.0809 169.4502 184.2993 168.2495 183.4842
173.8389 176.6585 175.4392 177.7346 174.1499 177.9240
175.0338 184.3983 173.5534 185.5959 173.7389 183.8739
173.3553 182.5306 173.7389 183.8739 172.5287 184.5718
174.4257 187.4596 174.5358 189.4210 172.8708 188.4779
171.2303 187.9643 171.9235 189.4971 170.5524 189.7350
173.2504 190.1545 171.9235 189.4971 172.8708 188.4779
170.9849 184.4865 172.5287 184.5718 170.8774 186.0288
184.5835 179.5245 186.3623 179.4262 185.5067 181.0967
175.3175 181.4328 173.9604 180.7867 174.4406 179.3624
172.5287 184.5718 173.5534 185.5959 172.7008 186.7673
186.3623 179.4262 188.1154 178.3782 188.0091 180.1056
177.8107 179.1776 179.0727 181.3855 177.6684 181.8318
162.8939 191.5546 161.5717 190.0540 163.1080 190.0330
163.1080 190.0330 161.5717 190.0540 161.7945 188.5248
169.4502 184.2993 168.9252 186.2729 168.2016 185.0238
166.1731 186.5408 168.2016 185.0238 168.9252 186.2729
170.8774 186.0288 169.4502 184.2993 170.9849 184.4865
170.9849 184.4865 169.4502 184.2993 170.3776 183.0809
165.8133 183.4204 167.0004 184.2230 164.9636 185.5863
173.3553 182.5306 171.8070 182.4840 172.6555 180.0408
169.4502 184.2993 168.2016 185.0238 168.2495 183.4842
171.8070 182.4840 170.3776 183.0809 170.5630 181.5609
160.9940 187.0347 162.5244 186.2143 161.7945 188.5248
163.2623 170.1087 164.8138 170.2543 163.7084 172.0118
172.6555 180.0408 171.8070 182.4840 170.5630 181.5609
172.5287 184.5718 171.8070 182.4840 173.3553 182.5306
166.0889 177.9900 164.6101 178.7002 164.7727 177.0108
171.1524 167.8278 172.8821 169.7813 171.6355 170.6677
174.4406 179.3624 173.9604 180.7867 172.6555 180.0408
176.3541 184.2931 175.3860 182.9357 176.8836 183.0790
173.5534 185.5959 174.4257 187.4596 172.7008 186.7673
182.9202 179.4876 184.5835 179.5245 183.7179 181.0357
186.1705 173.7959 188.0450 173.0326 187.6569 174.7629
175.3860 182.9357 173.3553 182.5306 175.3175 181.4328
173.5534 185.5959 175.0338 184.3983 174.9521 185.9732
173.7389 183.8739 173.5534 185.5959 172.5287 184.5718
174.4257 187.4596 173.5534 185.5959 174.9521 185.9732
149.8995 165.8642 151.0486 166.7988 149.2474 167.6071
183.2750 177.8921 182.4051 176.6480 184.1835 176.3307
151.4517 165.1293 151.0486 166.7988 149.8995 165.8642
159.2644 187.4357 158.2793 186.3179 159.0815 185.2785
160.9940 187.0347 161.7054 185.1220 162.5244 186.2143
159.2644 187.4357 159.0815 185.2785 160.3821 185.4578
159.2644 187.4357 160.9940 187.0347 160.2494 188.5535
160.9940 187.0347 160.3821 185.4578 161.7054 185.1220
156.3093 184.0823 158.5844 184.0633 157.2943 185.2001
148.2294 160.4396 148.3967 162.4594 146.7682 161.4082
149.6724 164.4006 147.9841 164.3066 148.3967 162.4594
157.4056 179.1447 158.6550 179.9322 157.3043 180.8182
160.3524 183.6401 162.1600 183.8347 161.7054 185.1220
157.3405 182.4945 158.8797 181.3919 159.2121 182.7807
161.7240 180.0881 162.9216 178.8711 162.8192 181.1069
156.3093 184.0823 155.3243 182.9645 157.3405 182.4945
163.2556 177.0450 162.9216 178.8711 161.7817 177.4059
157.2943 185.2001 159.0815 185.2785 158.2793 186.3179
160.3524 183.6401 159.0815 185.2785 158.5844 184.0633
160.3524 183.6401 161.7054 185.1220 160.3821 185.4578
163.2541 184.8848 161.7054 185.1220 162.1600 183.8347
157.3405 182.4945 159.2121 182.7807 158.5844 184.0633
159.2121 182.7807 160.3524 183.6401 158.5844 184.0633
160.0491 180.4197 160.9780 181.6239 158.8797 181.3919
159.2121 182.7807 160.9780 181.6239 160.3524 183.6401
157.3405 182.4945 158.5844 184.0633 156.3093 184.0823
160.9780 181.6239 159.2121 182.7807 158.8797 181.3919
156.2202 179.9127 157.4056 179.1447 157.3043 180.8182
158.8797 181.3919 157.3405 182.4945 157.3043 180.8182
158.6550 179.9322 160.2162 178.9082 160.0491 180.4197
164.7727 177.0108 164.6101 178.7002 163.2556 177.0450
157.3043 180.8182 155.8751 181.4862 156.2202 179.9127
155.8751 181.4862 155.3243 182.9645 154.3393 181.8467
154.9049 179.3977 156.2202 179.9127 155.8751 181.4862
153.3543 180.7289 152.3692 179.6112 154.9049 179.3977
151.1990 160.5623 151.9956 162.1221 150.2886 162.5142
155.3243 182.9645 155.8751 181.4862 157.3405 182.4945
156.2202 179.9127 154.9049 179.3977 155.2483 178.0780
145.2549 162.4443 146.6723 163.2397 144.8611 164.1973
162.0256 172.9821 162.2900 175.2966 160.7771 174.0957
157.3405 182.4945 155.8751 181.4862 157.3043 180.8182
155.8751 181.4862 154.3393 181.8467 154.9049 179.3977
152.5696 159.0644 154.1959 159.6070 152.9231 160.7135
158.2042 170.2433 159.0913 168.4699 160.2133 170.1397
158.6550 179.9322 160.0491 180.4197 158.8797 181.3919
160.2162 178.9082 161.5611 178.7428 161.7240 180.0881
157.3043 180.8182 158.6550 179.9322 158.8797 181.3919
156.5170 177.5778 158.8354 178.5052 157.4056 179.1447
151.3936 163.4129 150.2886 162.5142 151.9956 162.1221
155.1471 161.6248 154.1959 159.6070 155.4833 160.0365
149.8531 161.1229 150.2886 162.5142 148.3967 162.4594
149.8531 161.1229 151.1990 160.5623 150.2886 162.5142
151.1990 160.5623 150.9434 158.5219 152.5696 159.0644
154.4661 164.4726 153.5829 162.8624 155.4226 163.6003
170.2805 169.9579 169.6091 167.7563 171.1524 167.8278
157.2084 162.5114 155.1471 161.6248 156.7707 160.4661
177.5350 175.6156 178.7792 175.6316 179.3123 176.7559
153.8576 161.6023 151.9956 162.1221 152.9231 160.7135
157.2084 162.5114 157.1332 164.6017 155.4226 163.6003
167.6042 165.3925 166.0223 165.4523 167.0701 163.9023
163.8495 165.1542 166.0223 165.4523 164.8866 166.9392
167.6042 165.3925 166.2403 167.3105 166.0223 165.4523
158.6640 177.0771 158.8354 178.5052 156.5170 177.5778
159.2274 163.6305 160.6330 161.7547 160.8450 163.4120
149.6724 164.4006 148.3967 162.4594 150.2886 162.5142
149.6724 164.4006 148.4203 165.9402 147.9841 164.3066
147.8154 158.7361 149.0462 157.8889 149.6099 159.3591
151.1990 160.5623 149.6099 159.3591 150.9434 158.5219
151.1990 160.5623 152.5696 159.0644 152.9231 160.7135
149.6724 164.4006 149.8995 165.8642 148.4203 165.9402
154.1959 159.6070 155.1471 161.6248 153.8576 161.6023
151.1990 160.5623 152.9231 160.7135 151.9956 162.1221
156.4287 171.6026 158.2042 170.2433 157.7203 172.4265
153.5829 162.8624 151.3936 163.4129 151.9956 162.1221
152.8160 176.7298 152.1917 178.1083 151.3233 176.3146
149.6724 164.4006 150.2886 162.5142 151.3936 163.4129
145.7846 172.1389 144.1385 170.2709 145.3076 170.9000
145.2220 166.2545 144.8611 164.1973 146.5922 164.6782
152.1018 170.4264 153.1937 168.5434 153.8617 170.5724
157.6673 167.0900 158.5949 165.0100 158.9037 166.4959
147.9841 164.3066 146.5922 164.6782 146.6723 163.2397
145.3539 160.4306 146.5847 159.5833 146.7682 161.4082
149.6724 164.4006 151.4517 165.1293 149.8995 165.8642
152.2559 167.5054 150.7206 168.7440 151.0486 166.7988
149.2474 167.6071 147.4834 167.4437 148.4203 165.9402
147.9841 164.3066 146.6723 163.2397 148.3967 162.4594
151.4517 165.1293 149.6724 164.4006 151.3936 163.4129
149.2474 167.6071 151.0486 166.7988 150.7206 168.7440
153.5829 162.8624 153.1798 164.6186 151.3936 163.4129
152.2559 167.5054 153.1386 166.4201 153.1937 168.5434
142.4923 168.4028 142.9429 167.1187 144.1642 167.7188
142.8923 162.1250 145.2549 162.4443 143.2592 163.5902
144.1231 161.2778 145.3539 160.4306 145.2549 162.4443
146.6723 163.2397 145.2549 162.4443 146.7682 161.4082
151.4517 165.1293 153.1798 164.6186 153.1386 166.4201
154.4661 164.4726 155.4226 163.6003 155.1606 165.5651
148.4203 165.9402 146.5922 164.6782 147.9841 164.3066
148.4203 165.9402 147.4834 167.4437 146.7120 166.1659
143.2592 163.5902 145.2549 162.4443 144.8611 164.1973
148.8072 173.4229 147.6436 172.1295 149.5024 172.0991
160.9471 167.2977 158.9037 166.4959 160.1886 166.2261
160.2133 170.1397 162.2077 168.9614 162.0126 171.0397
152.1018 170.4264 150.7206 168.7440 151.9947 169.1062
151.0486 166.7988 153.1386 166.4201 152.2559 167.5054
149.9286 170.5507 150.7206 168.7440 152.1018 170.4264
148.1916 169.4021 149.5130 169.2916 148.6639 170.5755
151.9947 169.1062 152.2559 167.5054 153.1937 168.5434
149.8995 165.8642 149.2474 167.6071 148.4203 165.9402
149.9286 170.5507 149.5130 169.2916 150.7206 168.7440
145.8965 168.2312 145.2220 166.2545 146.7120 166.1659
153.8617 170.5724 153.1937 168.5434 154.6995 169.0178
140.8462 166.5348 141.8656 164.5863 142.9934 165.7588
146.5199 170.3587 148.1916 169.4021 148.6639 170.5755
150.7206 168.7440 149.5130 169.2916 149.2474 167.6071
151.3936 163.4129 153.1798 164.6186 151.4517 165.1293
155.4226 163.6003 157.1332 164.6017 155.1606 165.5651
157.6673 167.0900 157.0620 168.3209 156.3280 166.7935
153.1798 164.6186 154.4661 164.4726 153.1386 166.4201
154.6995 169.0178 157.0620 168.3209 156.8921 169.7224
153.1386 166.4201 155.1606 165.5651 154.7617 167.4403
149.6099 159.3591 148.2294 160.4396 147.8154 158.7361
144.8611 164.1973 146.6723 163.2397 146.5922 164.6782
148.2294 160.4396 146.7682 161.4082 146.5847 159.5833
146.5847 159.5833 147.8154 158.7361 148.2294 160.4396
148.3967 162.4594 146.6723 163.2397 146.7682 161.4082
145.2549 162.4443 145.3539 160.4306 146.7682 161.4082
149.6099 159.3591 149.8531 161.1229 148.2294 160.4396
148.3967 162.4594 148.2294 160.4396 149.8531 161.1229
142.4923 168.4028 144.1642 167.7188 143.7086 168.9904
147.4834 167.4437 149.2474 167.6071 148.1916 169.4021
146.5922 164.6782 146.7120 166.1659 145.2220 166.2545
145.8965 168.2312 144.1642 167.7188 145.2220 166.2545
142.9934 165.7588 142.9429 167.1187 140.8462 166.5348
151.1083 172.1160 149.9286 170.5507 152.1018 170.4264
147.4834 167.4437 148.1916 169.4021 146.9040 169.0910
148.6639 170.5755 149.5130 169.2916 149.9286 170.5507
149.2474 167.6071 149.5130 169.2916 148.1916 169.4021
160.6330 161.7547 159.2274 163.6305 159.3455 161.3251
145.8965 168.2312 146.9040 169.0910 146.5199 170.3587
163.1323 167.0900 160.9471 167.2977 161.9504 166.2543
157.0620 168.3209 158.2042 170.2433 156.8921 169.7224
149.5024 172.0991 151.1083 172.1160 150.2895 173.6195
156.4287 171.6026 156.8921 169.7224 158.2042 170.2433
152.2559 167.5054 151.9947 169.1062 150.7206 168.7440
153.1937 168.5434 152.1018 170.4264 151.9947 169.1062
154.7617 167.4403 153.1937 168.5434 153.1386 166.4201
157.0620 168.3209 157.6673 167.0900 159.0913 168.4699
147.6436 172.1295 146.5199 170.3587 148.6639 170.5755
159.0913 168.4699 160.9471 167.2977 160.5400 168.7083
155.1471 161.6248 155.4226 163.6003 153.5829 162.8624
155.4226 163.6003 155.1471 161.6248 157.2084 162.5114
153.1386 166.4201 154.4661 164.4726 155.1606 165.5651
153.5829 162.8624 154.4661 164.4726 153.1798 164.6186
153.8576 161.6023 155.1471 161.6248 153.5829 162.8624
155.4833 160.0365 156.7707 160.4661 155.1471 161.6248
158.0581 160.8956 159.3455 161.3251 157.2084 162.5114
157.9336 163.5840 159.3455 161.3251 159.2274 163.6305
151.9956 162.1221 153.8576 161.6023 153.5829 162.8624
154.1959 159.6070 153.8576 161.6023 152.9231 160.7135
156.3280 166.7935 154.7617 167.4403 155.1606 165.5651
154.7617 167.4403 156.3280 166.7935 157.0620 168.3209
154.8986 171.5263 153.8617 170.5724 155.6079 170.3090
153.1937 168.5434 154.7617 167.4403 154.6995 169.0178
157.0620 168.3209 154.6995 169.0178 154.7617 167.4403
154.6995 169.0178 155.6079 170.3090 153.8617 170.5724
157.1332 164.6017 157.2084 162.5114 157.9336 163.5840
156.4287 171.6026 155.6079 170.3090 156.8921 169.7224
156.4287 171.6026 155.1087 172.9195 154.8986 171.5263
154.8986 171.5263 153.0260 172.5212 153.8617 170.5724
155.1606 165.5651 157.1332 164.6017 156.3280 166.7935
157.1332 164.6017 158.5949 165.0100 157.6673 167.0900
155.2483 178.0780 154.9049 179.3977 153.8850 178.0446
153.8617 170.5724 153.0260 172.5212 152.1018 170.4264
163.8495 165.1542 164.8866 166.9392 163.1323 167.0900
158.9037 166.4959 160.9471 167.2977 159.0913 168.4699
156.4287 171.6026 154.8986 171.5263 155.6079 170.3090
154.8986 171.5263 155.1087 172.9195 153.9448 173.3610
155.6079 170.3090 154.6995 169.0178 156.8921 169.7224
156.4287 171.6026 157.7203 172.4265 156.5725 173.5098
151.8464 173.3633 153.7110 174.5836 152.6963 175.4202
151.1083 172.1160 152.1018 170.4264 153.0260 172.5212
157.0620 168.3209 159.0913 168.4699 158.2042 170.2433
162.2077 168.9614 160.2133 170.1397 160.5400 168.7083
157.1332 164.6017 157.6673 167.0900 156.3280 166.7935
157.6673 167.0900 158.9037 166.4959 159.0913 168.4699
164.4952 163.0432 163.8495 165.1542 163.0379 163.7517
164.8866 166.9392 164.1906 168.5566 163.1323 167.0900
163.2623 170.1087 162.0126 171.0397 162.2077 168.9614
160.7252 171.3649 158.9744 171.5592 160.2133 170.1397
159.2274 163.6305 160.2043 164.9133 158.5949 165.0100
160.9471 167.2977 163.1323 167.0900 162.2077 168.9614
166.4148 168.7033 167.7112 170.5166 166.2822 170.1682
158.2042 170.2433 158.9744 171.5592 157.7203 172.4265
160.5400 168.7083 160.2133 170.1397 159.0913 168.4699
160.2133 170.1397 162.0126 171.0397 160.7252 171.3649
148.4203 165.9402 146.7120 166.1659 146.5922 164.6782
145.8965 168.2312 146.7120 166.1659 147.4834 167.4437
146.5199 170.3587 145.3076 170.9000 145.8965 168.2312
142.9934 165.7588 141.8656 164.5863 143.2592 163.5902
144.1385 170.2709 143.7086 168.9904 145.8965 168.2312
141.8656 164.5863 140.4308 163.8195 141.6615 162.9723
144.2505 165.3647 144.1642 167.7188 142.9429 167.1187
145.8965 168.2312 143.7086 168.9904 144.1642 167.7188
144.1385 170.2709 142.4923 168.4028 143.7086 168.9904
144.8611 164.1973 145.2220 166.2545 144.2505 165.3647
140.8462 166.5348 142.9429 167.1187 142.4923 168.4028
142.9429 167.1187 142.9934 165.7588 144.2505 165.3647
158.5949 165.0100 160.1886 166.2261 158.9037 166.4959
145.3076 170.9000 146.5199 170.3587 145.7846 172.1389
157.2084 162.5114 156.7707 160.4661 158.0581 160.8956
161.9204 162.1842 160.8450 163.4120 160.6330 161.7547
161.8135 164.8132 160.2043 164.9133 160.8450 163.4120
154.9384 176.7104 152.8160 176.7298 152.6963 175.4202
162.2077 168.9614 160.5400 168.7083 160.9471 167.2977
162.0126 171.0397 163.7084 172.0118 162.0256 172.9821
158.6032 174.4603 160.7771 174.0957 160.4070 175.7272
140.4308 163.8195 141.8656 164.5863 140.8462 166.5348
140.8462 166.5348 139.2000 164.6667 140.4308 163.8195
143.2592 163.5902 141.8656 164.5863 141.6615 162.9723
145.2549 162.4443 142.8923 162.1250 144.1231 161.2778
143.2592 163.5902 144.8611 164.1973 144.2505 165.3647
143.2592 163.5902 141.6615 162.9723 142.8923 162.1250
144.2505 165.3647 145.2220 166.2545 144.1642 167.7188
143.2592 163.5902 144.2505 165.3647 142.9934 165.7588
160.1886 166.2261 160.2043 164.9133 161.8135 164.8132
158.5949 165.0100 160.2043 164.9133 160.1886 166.2261
157.9336 163.5840 158.5949 165.0100 157.1332 164.6017
159.2274 163.6305 160.8450 163.4120 160.2043 164.9133
149.5024 172.0991 148.6639 170.5755 149.9286 170.5507
161.8135 164.8132 161.9504 166.2543 160.1886 166.2261
160.8450 163.4120 161.9204 162.1842 163.0379 163.7517
159.3455 161.3251 157.9336 163.5840 157.2084 162.5114
158.5949 165.0100 157.9336 163.5840 159.2274 163.6305
149.5024 172.0991 149.9286 170.5507 151.1083 172.1160
146.5199 170.3587 147.6436 172.1295 145.7846 172.1389
151.8464 173.3633 151.1083 172.1160 153.0260 172.5212
154.8986 171.5263 153.9448 173.3610 153.0260 172.5212
151.3233 176.3146 149.9000 176.8091 150.1707 175.0093
151.1083 172.1160 151.8464 173.3633 150.2895 173.6195
148.8072 173.4229 150.1707 175.0093 149.0769 175.8750
151.5468 174.7814 150.1707 175.0093 150.2895 173.6195
150.2895 173.6195 148.8072 173.4229 149.5024 172.0991
151.8464 173.3633 153.0260 172.5212 153.9448 173.3610
150.2895 173.6195 151.8464 173.3633 151.5468 174.7814
151.5468 174.7814 151.8464 173.3633 152.6963 175.4202
148.8072 173.4229 149.0769 175.8750 147.4308 174.0070
151.3233 176.3146 150.1707 175.0093 151.5468 174.7814
161.9504 166.2543 160.9471 167.2977 160.1886 166.2261
163.8495 165.1542 161.9504 166.2543 161.8135 164.8132
166.4148 168.7033 168.3683 168.6768 167.7112 170.5166
169.2499 181.2751 167.8462 180.7916 168.8469 179.9931
160.2133 170.1397 158.9744 171.5592 158.2042 170.2433
158.8925 173.1262 158.9744 171.5592 160.1312 172.5524
162.0256 172.9821 160.7252 171.3649 162.0126 171.0397
158.9744 171.5592 160.7252 171.3649 160.1312 172.5524
145.8965 168.2312 145.3076 170.9000 144.1385 170.2709
147.6436 172.1295 148.6639 170.5755 149.5024 172.0991
147.4308 174.0070 145.7846 172.1389 147.6436 172.1295
153.9448 173.3610 155.4937 174.6619 153.7110 174.5836
147.4834 167.4437 146.9040 169.0910 145.8965 168.2312
150.1707 175.0093 148.8072 173.4229 150.2895 173.6195
148.1916 169.4021 146.5199 170.3587 146.9040 169.0910
147.6436 172.1295 148.8072 173.4229 147.4308 174.0070
152.1917 178.1083 153.8850 178.0446 152.3692 179.6112
166.2822 170.1682 165.6600 172.1209 164.8138 170.2543
162.2077 168.9614 164.1906 168.5566 163.2623 170.1087
155.4937 174.6619 153.9448 173.3610 155.1087 172.9195
151.8464 173.3633 153.9448 173.3610 153.7110 174.5836
155.4937 174.6619 156.5725 173.5098 157.3066 174.5858
158.6032 174.4603 158.8925 173.1262 160.7771 174.0957
155.4937 174.6619 154.9384 176.7104 153.7110 174.5836
152.3692 179.6112 150.7231 177.7431 152.1917 178.1083
164.1906 168.5566 162.2077 168.9614 163.1323 167.0900
163.7084 172.0118 164.8138 170.2543 165.6600 172.1209
164.8138 170.2543 164.1906 168.5566 166.4148 168.7033
165.5952 164.0345 164.4952 163.0432 167.0701 163.9023
167.5188 167.6596 166.2403 167.3105 167.6042 165.3925
166.2403 167.3105 164.1906 168.5566 164.8866 166.9392
166.0223 165.4523 166.2403 167.3105 164.8866 166.9392
161.9504 166.2543 163.8495 165.1542 163.1323 167.0900
163.8495 165.1542 164.4952 163.0432 165.5952 164.0345
163.0379 163.7517 163.8495 165.1542 161.8135 164.8132
164.1906 168.5566 166.2403 167.3105 166.4148 168.7033
173.2192 178.8362 171.6684 178.9986 172.4180 177.7746
167.5188 167.6596 166.4148 168.7033 166.2403 167.3105
156.5725 173.5098 155.4937 174.6619 155.1087 172.9195
155.4937 174.6619 156.8602 175.8096 154.9384 176.7104
156.4287 171.6026 156.5725 173.5098 155.1087 172.9195
158.8925 173.1262 157.3066 174.5858 157.7203 172.4265
156.5170 177.5778 154.9384 176.7104 156.8602 175.8096
153.8850 178.0446 154.9049 179.3977 152.3692 179.6112
151.3233 176.3146 150.7231 177.7431 149.9000 176.8091
152.6963 175.4202 151.3233 176.3146 151.5468 174.7814
154.9384 176.7104 152.6963 175.4202 153.7110 174.5836
151.3233 176.3146 152.6963 175.4202 152.8160 176.7298
151.3233 176.3146 152.1917 178.1083 150.7231 177.7431
152.1917 178.1083 152.8160 176.7298 153.8850 178.0446
152.8160 176.7298 154.9384 176.7104 153.8850 178.0446
155.2483 178.0780 154.9384 176.7104 156.5170 177.5778
167.5004 173.0395 167.0056 171.7279 169.5140 172.6196
164.8138 170.2543 166.4148 168.7033 166.2822 170.1682
167.7112 170.5166 168.9253 169.9130 169.5140 172.6196
160.2184 177.2839 158.6640 177.0771 160.4070 175.7272
167.0056 171.7279 166.2822 170.1682 167.7112 170.5166
163.2623 170.1087 163.7084 172.0118 162.0126 171.0397
165.7800 174.1668 164.8254 173.1963 165.6600 172.1209
162.0256 172.9821 160.1312 172.5524 160.7252 171.3649
163.7084 172.0118 165.6600 172.1209 164.8254 173.1963
162.0256 172.9821 163.7084 172.0118 163.7562 174.0390
162.2900 175.2966 163.8731 175.6588 163.2556 177.0450
160.7771 174.0957 162.2900 175.2966 160.4070 175.7272
158.6640 177.0771 156.5170 177.5778 156.8602 175.8096
160.1312 172.5524 162.0256 172.9821 160.7771 174.0957
162.2900 175.2966 162.0256 172.9821 163.7562 174.0390
158.2295 175.7781 160.4070 175.7272 158.6640 177.0771
165.2529 175.4578 163.8731 175.6588 163.7562 174.0390
160.4070 175.7272 162.2900 175.2966 161.7817 177.4059
158.6032 174.4603 158.2295 175.7781 157.3066 174.5858
158.6032 174.4603 157.3066 174.5858 158.8925 173.1262
162.2900 175.2966 163.7562 174.0390 163.8731 175.6588
160.0491 180.4197 161.7240 180.0881 160.9780 181.6239
160.8450 163.4120 163.0379 163.7517 161.8135 164.8132
161.9204 162.1842 164.4952 163.0432 163.0379 163.7517
169.6449 164.7614 168.4587 166.7252 167.6042 165.3925
167.0701 163.9023 166.0223 165.4523 165.5952 164.0345
163.8495 165.1542 165.5952 164.0345 166.0223 165.4523
169.6449 164.7614 167.6042 165.3925 167.0701 163.9023
167.6042 165.3925 168.4587 166.7252 167.5188 167.6596
176.3490 179.4349 177.4975 177.7269 177.8107 179.1776
171.4854 172.6335 170.4866 174.4855 169.5140 172.6196
168.4587 166.7252 169.6091 167.7563 168.3683 168.6768
168.4587 166.7252 168.3683 168.6768 167.5188 167.6596
166.4148 168.7033 167.5188 167.6596 168.3683 168.6768
168.3683 168.6768 168.9253 169.9130 167.7112 170.5166
169.6449 164.7614 170.1972 166.2657 168.4587 166.7252
169.6091 167.7563 170.2805 169.9579 168.9253 169.9130
170.1972 166.2657 171.1524 167.8278 169.6091 167.7563
171.1524 167.8278 172.1476 166.7392 172.6603 168.2072
177.8785 173.9581 179.4511 174.5844 178.7792 175.6316
171.5421 165.3943 173.4393 166.0273 172.1476 166.7392
172.8821 169.7813 171.1524 167.8278 172.6603 168.2072
167.5004 173.0395 165.7800 174.1668 165.6600 172.1209
169.6091 167.7563 168.9253 169.9130 168.3683 168.6768
168.9253 169.9130 170.2805 169.9579 170.3747 171.4262
171.6355 170.6677 170.2805 169.9579 171.1524 167.8278
170.3747 171.4262 171.4854 172.6335 169.5140 172.6196
172.6603 168.2072 172.1476 166.7392 174.0589 167.3297
170.1972 166.2657 172.1476 166.7392 171.1524 167.8278
175.3365 166.6603 175.9336 168.5861 174.0589 167.3297
179.1309 167.9262 181.0281 168.5592 179.7671 169.1790
174.0589 167.3297 172.1476 166.7392 173.4393 166.0273
172.8821 169.7813 172.6603 168.2072 174.1095 168.7711
175.2318 170.7520 172.8821 169.7813 174.1095 168.7711
172.8821 169.7813 172.9961 171.3668 171.6355 170.6677
171.4854 172.6335 171.6355 170.6677 172.9961 171.3668
168.9253 169.9130 170.3747 171.4262 169.5140 172.6196
172.8763 172.7581 171.4854 172.6335 172.9961 171.3668
171.4854 172.6335 172.1537 174.2752 170.4866 174.4855
170.2805 169.9579 171.6355 170.6677 170.3747 171.4262
171.4854 172.6335 170.3747 171.4262 171.6355 170.6677
176.5690 176.6544 176.4013 174.8035 177.5350 175.6156
176.3490 179.4349 175.4392 177.7346 177.4975 177.7269
170.5630 181.5609 169.2499 181.2751 170.3369 180.0853
169.5140 172.6196 168.7458 173.9736 167.5004 173.0395
175.9336 168.5861 175.2318 170.7520 174.1095 168.7711
172.1428 176.0357 173.3927 175.2529 173.8389 176.6585
171.4854 172.6335 172.8763 172.7581 172.1537 174.2752
170.4866 174.4855 170.4717 176.5897 168.6092 175.5244
174.5145 172.2957 172.9961 171.3668 175.2318 170.7520
172.8763 172.7581 173.7735 173.8282 172.1537 174.2752
175.4320 175.8061 173.8389 176.6585 173.3927 175.2529
170.4866 174.4855 172.1537 174.2752 172.1428 176.0357
158.2295 175.7781 156.8602 175.8096 157.3066 174.5858
156.5170 177.5778 157.4056 179.1447 156.2202 179.9127
160.2184 177.2839 160.4070 175.7272 161.7817 177.4059
158.8354 178.5052 160.2162 178.9082 158.6550 179.9322
154.9384 176.7104 155.2483 178.0780 153.8850 178.0446
156.2202 179.9127 155.2483 178.0780 156.5170 177.5778
157.4056 179.1447 158.8354 178.5052 158.6550 179.9322
160.2184 177.2839 158.8354 178.5052 158.6640 177.0771
165.7800 174.1668 163.7562 174.0390 164.8254 173.1963
163.7084 172.0118 164.8254 173.1963 163.7562 174.0390
155.4937 174.6619 157.3066 174.5858 156.8602 175.8096
157.7203 172.4265 157.3066 174.5858 156.5725 173.5098
158.9744 171.5592 158.8925 173.1262 157.7203 172.4265
160.7771 174.0957 158.8925 173.1262 160.1312 172.5524
168.9443 177.0993 166.5242 176.0308 168.6092 175.5244
165.4534 182.0335 164.0883 180.3151 165.3782 179.8402
165.2529 175.4578 163.7562 174.0390 165.7800 174.1668
163.2556 177.0450 163.8731 175.6588 164.7727 177.0108
162.9216 178.8711 163.2556 177.0450 164.6101 178.7002
162.2900 175.2966 163.2556 177.0450 161.7817 177.4059
164.0883 180.3151 162.9216 178.8711 164.6101 178.7002
165.4534 182.0335 164.5525 184.1013 163.5282 182.4249
162.1250 182.4320 162.8192 181.1069 163.5282 182.4249
162.9216 178.8711 161.7240 180.0881 161.5611 178.7428
160.2162 178.9082 161.7240 180.0881 160.0491 180.4197
162.8192 181.1069 162.9216 178.8711 164.0883 180.3151
166.5242 176.0308 166.0889 177.9900 164.7727 177.0108
166.6977 180.2257 165.3782 179.8402 166.0889 177.9900
160.2184 177.2839 161.5611 178.7428 160.2162 178.9082
162.9216 178.8711 161.5611 178.7428 161.7817 177.4059
168.9563 178.6606 170.2916 178.5932 170.3369 180.0853
167.6984 179.4272 166.0889 177.9900 167.7218 178.1472
163.8731 175.6588 165.2529 175.4578 164.7727 177.0108
167.8462 180.7916 167.6984 179.4272 168.8469 179.9931
166.5242 176.0308 167.2914 174.6439 168.6092 175.5244
167.7218 178.1472 166.0889 177.9900 166.5242 176.0308
165.8133 183.4204 166.7987 181.6274 167.0004 184.2230
164.6101 178.7002 165.3782 179.8402 164.0883 180.3151
166.0889 177.9900 165.3782 179.8402 164.6101 178.7002
165.4534 182.0335 165.3782 179.8402 166.6977 180.2257
165.4534 182.0335 166.6977 180.2257 166.7987 181.6274
164.5525 184.1013 163.2541 184.8848 163.5282 182.4249
169.6449 164.7614 171.5421 165.3943 170.1972 166.2657
170.1972 166.2657 171.5421 165.3943 172.1476 166.7392
167.0056 171.7279 167.5004 173.0395 165.6600 172.1209
170.4866 174.4855 168.6092 175.5244 168.7458 173.9736
160.4070 175.7272 158.2295 175.7781 158.6032 174.4603
158.6640 177.0771 156.8602 175.8096 158.2295 175.7781
161.5611 178.7428 160.2184 177.2839 161.7817 177.4059
158.8354 178.5052 160.2184 177.2839 160.2162 178.9082
165.7800 174.1668 166.5242 176.0308 165.2529 175.4578
164.7727 177.0108 165.2529 175.4578 166.5242 176.0308
168.9443 177.0993 168.6092 175.5244 170.4717 176.5897
166.5242 176.0308 165.7800 174.1668 167.2914 174.6439
168.9443 177.0993 170.2916 178.5932 168.9563 178.6606
169.2499 181.2751 168.8469 179.9931 170.3369 180.0853
167.8462 180.7916 166.7987 181.6274 166.6977 180.2257
166.7987 181.6274 168.1429 182.0370 168.2495 183.4842
164.5525 184.1013 165.4534 182.0335 165.8133 183.4204
166.7987 181.6274 165.8133 183.4204 165.4534 182.0335
162.1250 182.4320 163.5282 182.4249 162.1600 183.8347
164.0883 180.3151 165.4534 182.0335 163.5282 182.4249
160.3524 183.6401 162.1250 182.4320 162.1600 183.8347
162.8192 181.1069 160.9780 181.6239 161.7240 180.0881
166.2822 170.1682 167.0056 171.7279 165.6600 172.1209
169.5140 172.6196 167.0056 171.7279 167.7112 170.5166
168.9443 177.0993 170.4717 176.5897 170.2916 178.5932
166.5242 176.0308 168.9443 177.0993 167.7218 178.1472
171.1534 177.6608 170.2916 178.5932 170.4717 176.5897
170.3369 180.0853 172.6555 180.0408 170.5630 181.5609
165.7800 174.1668 167.5004 173.0395 167.2914 174.6439
168.7458 173.9736 167.2914 174.6439 167.5004 173.0395
170.4866 174.4855 168.7458 173.9736 169.5140 172.6196
167.2914 174.6439 168.7458 173.9736 168.6092 175.5244
166.7987 181.6274 167.8462 180.7916 168.1429 182.0370
167.6984 179.4272 167.8462 180.7916 166.6977 180.2257
166.0889 177.9900 167.6984 179.4272 166.6977 180.2257
168.9563 178.6606 167.6984 179.4272 167.7218 178.1472
170.3776 183.0809 169.2499 181.2751 170.5630 181.5609
167.8462 180.7916 169.2499 181.2751 168.1429 182.0370
163.5282 182.4249 162.8192 181.1069 164.0883 180.3151
160.9780 181.6239 162.8192 181.1069 162.1250 182.4320
167.6984 179.4272 168.9563 178.6606 168.8469 179.9931
168.9443 177.0993 168.9563 178.6606 167.7218 178.1472
172.4180 177.7746 171.1534 177.6608 172.1428 176.0357
174.4406 179.3624 173.2192 178.8362 174.1499 177.9240
168.9563 178.6606 170.3369 180.0853 168.8469 179.9931
170.3369 180.0853 170.2916 178.5932 171.6684 178.9986
170.3369 180.0853 171.6684 178.9986 172.6555 180.0408
171.1534 177.6608 171.6684 178.9986 170.2916 178.5932
172.1428 176.0357 171.1534 177.6608 170.4717 176.5897
171.6684 178.9986 171.1534 177.6608 172.4180 177.7746
170.4866 174.4855 172.1428 176.0357 170.4717 176.5897
172.1537 174.2752 173.7735 173.8282 173.3927 175.2529
173.8389 176.6585 175.4320 175.8061 175.4392 177.7346
172.4180 177.7746 172.1428 176.0357 173.8389 176.6585
172.1537 174.2752 173.3927 175.2529 172.1428 176.0357
175.4320 175.8061 173.3927 175.2529 173.7735 173.8282
179.3123 176.7559 177.4975 177.7269 177.5350 175.6156
176.5920 180.8256 176.8836 183.0790 175.3175 181.4328
176.5690 176.6544 177.5350 175.6156 177.4975 177.7269
174.4406 179.3624 175.4392 177.7346 176.3490 179.4349
182.4051 176.6480 180.3541 177.8267 180.9544 176.2004
175.3175 181.4328 176.3490 179.4349 176.5920 180.8256
174.4406 179.3624 176.3490 179.4349 175.3175 181.4328
173.2192 178.8362 174.4406 179.3624 172.6555 180.0408
176.5690 176.6544 175.4392 177.7346 175.4320 175.8061
177.4975 177.7269 179.3123 176.7559 179.2654 178.8497
177.6684 181.8318 176.8836 183.0790 176.5920 180.8256
175.3860 182.9357 173.7389 183.8739 173.3553 182.5306
171.6684 178.9986 173.2192 178.8362 172.6555 180.0408
174.1499 177.9240 172.4180 177.7746 173.8389 176.6585
175.3175 181.4328 173.3553 182.5306 173.9604 180.7867
173.3553 182.5306 172.6555 180.0408 173.9604 180.7867
174.4406 179.3624 174.1499 177.9240 175.4392 177.7346
172.4180 177.7746 174.1499 177.9240 173.2192 178.8362
181.0281 168.5592 182.9252 169.1922 181.3997 170.6051
186.1705 173.7959 184.6765 172.7476 186.2493 172.0948
176.4013 174.8035 173.7735 173.8282 176.2755 173.4146
179.1309 167.9262 179.7671 169.1790 177.6053 169.3391
178.6294 183.3071 177.6684 181.8318 179.0727 181.3855
183.5517 170.4742 182.9252 169.1922 184.8224 169.8251
175.4392 177.7346 176.5690 176.6544 177.4975 177.7269
176.4013 174.8035 176.5690 176.6544 175.4320 175.8061
172.9961 171.3668 174.5145 172.2957 172.8763 172.7581
177.6053 169.3391 177.2337 167.2932 179.1309 167.9262
181.7659 183.6964 183.5330 184.2864 182.2477 185.0199
182.4051 176.6480 181.3960 178.8974 180.3541 177.8267
180.2819 182.0391 180.1403 180.1914 181.3774 181.2088
179.7671 169.1790 181.3997 170.6051 179.3224 170.5119
181.7313 171.9377 180.3219 171.4302 181.3997 170.6051
179.4511 174.5844 177.8785 173.9581 178.9703 172.2165
176.3406 169.9146 175.9336 168.5861 177.6053 169.3391
181.3997 170.6051 179.7671 169.1790 181.0281 168.5592
179.7671 169.1790 179.3224 170.5119 178.0777 170.4909
177.6053 169.3391 179.7671 169.1790 178.0777 170.4909
175.9336 168.5861 174.1095 168.7711 174.0589 167.3297
175.9336 168.5861 175.3365 166.6603 177.2337 167.2932
180.3219 171.4302 181.7313 171.9377 180.6261 172.7530
184.6765 172.7476 182.5409 173.4400 183.1001 171.8277
182.9202 179.4876 181.3960 178.8974 183.2750 177.8921
186.7196 170.4581 186.2493 172.0948 184.9970 171.2987
181.3997 170.6051 183.5517 170.4742 183.1001 171.8277
173.7735 173.8282 176.4013 174.8035 175.4320 175.8061
177.8785 173.9581 176.4013 174.8035 176.2755 173.4146
176.5920 180.8256 176.3490 179.4349 177.8107 179.1776
181.3774 181.2088 180.1403 180.1914 181.3960 178.8974
180.9954 174.2825 180.9544 176.2004 179.4511 174.5844
180.3870 183.4096 179.4189 184.8898 178.6294 183.3071
181.3774 181.2088 181.3960 178.8974 182.9202 179.4876
177.5350 175.6156 176.4013 174.8035 177.8785 173.9581
179.4511 174.5844 180.6261 172.7530 180.9954 174.2825
172.6603 168.2072 174.0589 167.3297 174.1095 168.7711
173.4393 166.0273 175.3365 166.6603 174.0589 167.3297
179.3224 170.5119 180.3219 171.4302 178.9703 172.2165
172.8763 172.7581 174.5145 172.2957 173.7735 173.8282
177.2337 167.2932 177.6053 169.3391 175.9336 168.5861
177.3756 171.5189 175.9991 171.9871 176.3406 169.9146
176.2755 173.4146 175.9991 171.9871 177.3756 171.5189
172.8821 169.7813 175.2318 170.7520 172.9961 171.3668
175.9991 171.9871 174.5145 172.2957 175.2318 170.7520
176.2755 173.4146 173.7735 173.8282 174.5145 172.2957
176.3406 169.9146 177.6053 169.3391 178.0777 170.4909
175.2318 170.7520 175.9336 168.5861 176.3406 169.9146
179.3224 170.5119 181.3997 170.6051 180.3219 171.4302
182.5409 173.4400 182.3198 175.1322 180.9954 174.2825
182.3198 175.1322 182.5409 173.4400 184.2666 174.5261
185.5067 181.0967 186.8615 180.8628 186.1037 182.8193
183.5517 170.4742 181.3997 170.6051 182.9252 169.1922
181.7313 171.9377 181.3997 170.6051 183.1001 171.8277
180.3541 177.8267 181.3960 178.8974 179.2654 178.8497
182.9202 179.4876 183.2750 177.8921 184.5835 179.5245
179.2654 178.8497 177.8107 179.1776 177.4975 177.7269
179.2654 178.8497 179.0727 181.3855 177.8107 179.1776
177.8785 173.9581 178.7792 175.6316 177.5350 175.6156
180.9544 176.2004 178.7792 175.6316 179.4511 174.5844
176.2755 173.4146 177.3756 171.5189 177.8785 173.9581
177.3756 171.5189 178.0777 170.4909 178.9703 172.2165
182.5409 173.4400 180.6261 172.7530 181.7313 171.9377
184.6765 172.7476 184.2666 174.5261 182.5409 173.4400
178.9703 172.2165 178.0777 170.4909 179.3224 170.5119
176.3406 169.9146 178.0777 170.4909 177.3756 171.5189
179.4511 174.5844 178.9703 172.2165 180.6261 172.7530
177.8785 173.9581 177.3756 171.5189 178.9703 172.2165
174.5145 172.2957 175.9991 171.9871 176.2755 173.4146
176.3406 169.9146 175.9991 171.9871 175.2318 170.7520
182.5409 173.4400 181.7313 171.9377 183.1001 171.8277
184.6765 172.7476 186.1705 173.7959 184.2666 174.5261
178.9703 172.2165 180.3219 171.4302 180.6261 172.7530
184.1835 176.3307 182.4051 176.6480 182.3198 175.1322
179.3123 176.7559 180.9544 176.2004 180.3541 177.8267
179.2654 178.8497 179.3123 176.7559 180.3541 177.8267
180.9544 176.2004 179.3123 176.7559 178.7792 175.6316
182.4051 176.6480 180.9544 176.2004 182.3198 175.1322
184.1835 176.3307 182.3198 175.1322 184.2666 174.5261
181.3960 178.8974 182.4051 176.6480 183.2750 177.8921
186.4441 176.0566 185.2266 175.4745 186.1705 173.7959
185.3811 176.7484 185.2782 178.0126 184.1835 176.3307
190.8499 176.1632 192.4505 176.9285 190.6795 177.6212
180.2819 182.0391 182.6574 182.6060 181.7659 183.6964
184.1835 176.3307 184.2666 174.5261 185.2266 175.4745
182.9202 179.4876 183.7179 181.0357 181.3774 181.2088
189.5778 180.8367 187.8407 181.8280 188.0091 180.1056
182.5409 173.4400 180.9954 174.2825 180.6261 172.7530
180.9544 176.2004 180.9954 174.2825 182.3198 175.1322
184.8224 169.8251 184.9970 171.2987 183.5517 170.4742
188.0450 173.0326 186.1705 173.7959 186.2493 172.0948
184.9970 171.2987 186.2493 172.0948 184.6765 172.7476
187.5321 171.8266 188.6168 171.0911 189.2562 172.3344
186.1705 173.7959 185.2266 175.4745 184.2666 174.5261
185.3811 176.7484 185.2266 175.4745 186.4441 176.0566
184.5835 179.5245 183.2750 177.8921 185.2782 178.0126
182.6574 182.6060 184.0377 182.3950 183.5330 184.2864
188.2407 176.5256 187.6569 174.7629 188.7876 175.3664
182.6574 182.6060 181.3774 181.2088 183.7179 181.0357
185.5067 181.0967 183.7179 181.0357 184.5835 179.5245
186.3623 179.4262 184.5835 179.5245 185.2782 178.0126
186.7761 177.5799 185.2782 178.0126 185.3811 176.7484
188.2407 176.5256 188.1154 178.3782 186.7761 177.5799
183.1001 171.8277 183.5517 170.4742 184.9970 171.2987
186.7196 170.4581 188.6168 171.0911 187.5321 171.8266
184.9970 171.2987 184.6765 172.7476 183.1001 171.8277
186.7196 170.4581 184.9970 171.2987 184.8224 169.8251
185.2266 175.4745 185.3811 176.7484 184.1835 176.3307
186.7761 177.5799 185.3811 176.7484 186.4441 176.0566
173.7389 183.8739 175.3860 182.9357 175.0338 184.3983
175.3175 181.4328 176.8836 183.0790 175.3860 182.9357
177.8107 179.1776 177.6684 181.8318 176.5920 180.8256
179.0727 181.3855 180.2819 182.0391 178.6294 183.3071
179.0727 181.3855 179.2654 178.8497 180.1403 180.1914
181.3960 178.8974 180.1403 180.1914 179.2654 178.8497
177.6684 181.8318 178.6294 183.3071 176.8836 183.0790
180.1403 180.1914 180.2819 182.0391 179.0727 181.3855
176.8836 183.0790 178.6294 183.3071 177.2068 185.3066
180.9624 185.7534 179.4189 184.8898 180.3870 183.4096
177.2068 185.3066 176.5744 187.0218 174.9521 185.9732
178.6294 183.3071 179.4189 184.8898 177.2068 185.3066
178.3917 187.2204 178.4558 185.8570 179.6771 186.4869
179.4189 184.8898 178.4558 185.8570 177.2068 185.3066
179.4189 184.8898 180.9624 185.7534 179.6771 186.4869
187.6569 174.7629 186.4441 176.0566 186.1705 173.7959
189.2562 172.3344 188.0450 173.0326 187.5321 171.8266
189.6046 176.3190 190.6795 177.6212 189.2573 177.5249
190.9895 173.4587 190.5140 171.7240 192.4112 172.3570
186.4441 176.0566 187.6569 174.7629 188.2407 176.5256
188.0450 173.0326 190.0042 174.9634 188.7876 175.3664
188.1154 178.3782 188.2407 176.5256 189.2573 177.5249
190.0042 174.9634 189.2562 172.3344 190.9895 173.4587
189.5922 179.1639 189.5778 180.8367 188.0091 180.1056
190.0042 174.9634 190.8499 176.1632 189.6046 176.3190
190.0042 174.9634 190.9895 173.4587 191.8776 175.1151
188.0450 173.0326 188.7876 175.3664 187.6569 174.7629
190.6795 177.6212 189.6046 176.3190 190.8499 176.1632
189.6046 176.3190 188.2407 176.5256 188.7876 175.3664
191.7146 178.5284 191.3148 179.8454 189.5922 179.1639
189.5922 179.1639 188.1154 178.3782 189.2573 177.5249
191.3148 179.8454 189.5778 180.8367 189.5922 179.1639
190.6795 177.6212 189.5922 179.1639 189.2573 177.5249
188.0450 173.0326 186.2493 172.0948 187.5321 171.8266
186.7196 170.4581 187.5321 171.8266 186.2493 172.0948
193.1492 174.1168 190.9895 173.4587 192.4112 172.3570
189.2562 172.3344 190.0042 174.9634 188.0450 173.0326
188.6168 171.0911 190.5140 171.7240 189.2562 172.3344
190.9895 173.4587 189.2562 172.3344 190.5140 171.7240
191.8776 175.1151 193.0813 175.7320 192.4505 176.9285
193.8227 176.8877 194.8938 176.0291 194.7889 177.8628
192.4505 176.9285 193.8227 176.8877 193.0518 178.8541
196.3289 175.2509 198.1028 174.2559 198.2630 175.8802
194.6492 174.5003 196.3289 175.2509 194.8938 176.0291
191.7146 178.5284 192.4505 176.9285 193.0518 178.8541
190.0042 174.9634 191.8776 175.1151 190.8499 176.1632
192.4505 176.9285 190.8499 176.1632 191.8776 175.1151
191.8776 175.1151 193.1492 174.1168 193.0813 175.7320
196.5259 176.8715 194.7889 177.8628 194.8938 176.0291
182.6574 182.6060 180.2819 182.0391 181.3774 181.2088
178.6294 183.3071 180.2819 182.0391 180.3870 183.4096
184.0377 182.3950 185.5067 181.0967 186.1037 182.8193
184.0377 182.3950 186.1037 182.8193 184.8183 183.5529
182.6574 182.6060 183.7179 181.0357 184.0377 182.3950
180.3870 183.4096 180.2819 182.0391 181.7659 183.6964
180.3870 183.4096 181.7659 183.6964 180.9624 185.7534
189.5922 179.1639 188.0091 180.1056 188.1154 178.3782
186.8615 180.8628 188.0091 180.1056 187.8407 181.8280
186.3623 179.4262 185.2782 178.0126 186.7761 177.5799
186.3623 179.4262 188.0091 180.1056 186.8615 180.8628
186.1037 182.8193 186.8615 180.8628 187.8407 181.8280
186.3623 179.4262 186.8615 180.8628 185.5067 181.0967
188.2407 176.5256 186.7761 177.5799 186.4441 176.0566
186.3623 179.4262 186.7761 177.5799 188.1154 178.3782
192.4505 176.9285 191.7146 178.5284 190.6795 177.6212
193.0518 178.8541 191.3148 179.8454 191.7146 178.5284
188.2407 176.5256 189.6046 176.3190 189.2573 177.5249
190.0042 174.9634 189.6046 176.3190 188.7876 175.3664
193.8227 176.8877 193.0813 175.7320 194.8938 176.0291
193.0813 175.7320 193.1492 174.1168 194.6492 174.5003
193.0518 178.8541 193.8227 176.8877 194.7889 177.8628
193.0813 175.7320 193.8227 176.8877 192.4505 176.9285
193.1492 174.1168 192.4112 172.3570 194.3084 172.9900
193.0813 175.7320 194.6492 174.5003 194.8938 176.0291
196.3289 175.2509 198.2630 175.8802 196.5259 176.8715
196.5259 176.8715 194.8938 176.0291 196.3289 175.2509
196.3289 175.2509 196.2056 173.6230 198.1028 174.2559
193.1492 174.1168 191.8776 175.1151 190.9895 173.4587
193.1492 174.1168 194.3084 172.9900 194.6492 174.5003
194.3084 172.9900 196.2056 173.6230 194.6492 174.5003
196.3289 175.2509 194.6492 174.5003 196.2056 173.6230
183.5330 184.2864 184.0377 182.3950 184.8183 183.5529
185.5067 181.0967 184.0377 182.3950 183.7179 181.0357
198.1028 174.2559 200.0000 174.8889 198.2630 175.8802
167.4700 191.3377 167.4265 189.2314 168.6755 189.9639
165.7547 188.2642 167.4265 189.2314 166.1893 189.9835
166.7987 181.6274 168.2495 183.4842 167.0004 184.2230
170.3776 183.0809 168.2495 183.4842 168.1429 182.0370
164.9636 185.5863 163.2541 184.8848 164.5525 184.1013
161.7054 185.1220 163.2541 184.8848 162.5244 186.2143
154.9049 179.3977 154.3393 181.8467 153.3543 180.7289
150.1707 175.0093 149.9000 176.8091 149.0769 175.8750
177.2068 185.3066 178.4558 185.8570 176.5744 187.0218
176.3541 184.2931 174.9521 185.9732 175.0338 184.3983
179.6771 186.4869 178.4558 185.8570 179.4189 184.8898
176.5744 187.0218 178.4558 185.8570 178.3917 187.2204
178.3917 187.2204 175.8211 188.6875 176.5744 187.0218
176.5744 187.0218 175.8211 188.6875 174.4257 187.4596
176.8836 183.0790 177.2068 185.3066 176.3541 184.2931
174.9521 185.9732 176.3541 184.2931 177.2068 185.3066
183.5330 184.2864 181.7659 183.6964 182.6574 182.6060
180.9624 185.7534 181.7659 183.6964 182.2477 185.0199
