180.0615 194.2222 182.4000 192.7777 181.6198 194.1684
185.4769 192.0000 184.0516 192.8364 184.7385 191.3333
180.1846 194.7778 181.6198 194.1684 182.1533 195.3815
183.4755 195.2908 184.4000 197.0833 182.6355 197.1244
184.0516 192.8364 182.4000 192.7777 184.7385 191.3333
184.0516 192.8364 183.1860 193.9280 182.4000 192.7777
182.6355 197.1244 182.8923 198.3333 181.5385 196.5556
182.8923 198.3333 182.6355 197.1244 183.5077 198.0000
180.0615 194.2222 181.6198 194.1684 180.1846 194.7778
184.4000 197.0833 183.4755 195.2908 185.2923 196.1667
183.4755 195.2908 182.6355 197.1244 182.1533 195.3815
185.0726 193.6191 184.7953 194.8754 183.1860 193.9280
185.0726 193.6191 183.1860 193.9280 184.0516 192.8364
185.2923 196.1667 184.7953 194.8754 186.1846 195.2500
186.1846 195.2500 186.2769 193.1667 187.0769 194.3333
184.7953 194.8754 185.0726 193.6191 186.1846 195.2500
183.5077 198.0000 182.6355 197.1244 184.4000 197.0833
182.1533 195.3815 182.6355 197.1244 181.5385 196.5556
181.6198 194.1684 182.4000 192.7777 183.1860 193.9280
186.2769 193.1667 185.0726 193.6191 185.4769 192.0000
183.1860 193.9280 183.4755 195.2908 182.1533 195.3815
183.1860 193.9280 182.1533 195.3815 181.6198 194.1684
180.1846 194.7778 182.1533 195.3815 181.5385 196.5556
185.2923 196.1667 183.4755 195.2908 184.7953 194.8754
183.1860 193.9280 184.7953 194.8754 183.4755 195.2908
185.4769 192.0000 185.0726 193.6191 184.0516 192.8364
186.1846 195.2500 185.0726 193.6191 186.2769 193.1667
