282.9689 193.5278 284.6229 193.3195 284.0106 195.1278
282.1410 194.9564 282.9957 195.9150 280.8615 196.0000
282.1410 194.9564 280.9846 193.7778 282.9689 193.5278
284.6229 193.3195 286.2769 193.1111 286.7077 194.5278
286.7077 194.5278 285.5433 195.6557 284.6229 193.3195
288.0000 198.7778 286.0164 198.5220 287.7091 197.8211
284.0106 195.1278 284.6229 193.3195 285.5433 195.6557
280.9846 193.7778 282.1410 194.9564 280.8615 196.0000
282.9689 193.5278 284.0106 195.1278 282.1410 194.9564
284.3670 196.7426 282.7077 197.1667 282.9957 195.9150
284.0106 195.1278 282.9957 195.9150 282.1410 194.9564
284.0106 195.1278 285.5433 195.6557 284.3670 196.7426
280.8615 196.0000 282.9957 195.9150 282.7077 197.1667
284.5538 198.3333 284.3670 196.7426 286.1177 197.0331
286.1177 197.0331 287.7091 197.8211 286.0164 198.5220
285.5433 195.6557 286.7077 194.5278 287.1385 195.9445
286.1177 197.0331 285.5433 195.6557 287.1385 195.9445
285.5433 195.6557 286.1177 197.0331 284.3670 196.7426
287.7091 197.8211 286.1177 197.0331 287.1385 195.9445
284.5538 198.3333 286.1177 197.0331 286.0164 198.5220
282.7077 197.1667 284.3670 196.7426 284.5538 198.3333
284.0106 195.1278 284.3670 196.7426 282.9957 195.9150
