122.1372 76.1934 122.9417 76.8251 121.3538 77.2223
122.1372 76.1934 121.2308 76.5556 121.4688 76.1684
121.2308 76.5556 121.1077 76.4444 121.4688 76.1684
121.1077 75.7778 121.4688 76.1684 121.1077 76.4444
121.7231 75.5556 122.1372 76.1934 121.4688 76.1684
121.7231 75.5556 121.4688 76.1684 121.1077 75.7778
123.9385 75.2222 124.1846 75.3333 123.7623 75.9407
122.4615 75.4444 122.6996 75.8313 122.3385 75.5556
123.0769 75.4444 123.9385 75.2222 123.7623 75.9407
122.6996 75.8313 122.4615 75.4444 123.0769 75.4444
122.6996 75.8313 123.0769 75.4444 123.7623 75.9407
125.0462 77.6667 124.8751 77.3536 125.1692 77.5556
124.3446 77.1016 124.9231 77.0000 124.8751 77.3536
124.1846 75.3333 124.6769 76.4444 123.7623 75.9407
123.8238 77.3906 124.1846 77.6667 124.0615 77.7778
124.6769 76.4444 124.3446 77.1016 123.7623 75.9407
122.3385 75.5556 122.1372 76.1934 121.7231 75.5556
121.3538 77.2223 122.7692 77.8333 121.4769 77.8889
122.3385 75.5556 122.6996 75.8313 122.1372 76.1934
124.1846 77.6667 123.8238 77.3906 124.3446 77.1016
124.9231 77.0000 125.1692 77.5556 124.8751 77.3536
122.9417 76.8251 122.1372 76.1934 122.6996 75.8313
122.9417 76.8251 123.7623 75.9407 123.8238 77.3906
121.2308 76.5556 122.1372 76.1934 121.3538 77.2223
124.0615 77.7778 122.7692 77.8333 123.8238 77.3906
122.7692 77.8333 121.3538 77.2223 122.9417 76.8251
125.0462 77.6667 124.1846 77.6667 124.8751 77.3536
124.3446 77.1016 124.8751 77.3536 124.1846 77.6667
123.7623 75.9407 124.3446 77.1016 123.8238 77.3906
124.6769 76.4444 124.9231 77.0000 124.3446 77.1016
123.7623 75.9407 122.9417 76.8251 122.6996 75.8313
123.8238 77.3906 122.7692 77.8333 122.9417 76.8251
