210.9721 181.8312 211.3869 179.8653 212.2802 181.0281
208.6575 181.2181 209.7566 180.1864 209.5577 182.4273
228.5913 187.9583 230.3846 189.3820 229.0154 190.2084
209.7566 180.1864 211.3869 179.8653 210.9721 181.8312
232.9730 185.8364 233.1802 187.5622 231.5211 186.8184
231.7538 188.5556 233.1802 187.5622 233.9692 189.1111
235.5725 187.9155 234.8865 186.4182 236.8000 187.0000
213.0462 179.7778 211.3869 179.8653 212.9231 178.4444
230.4122 187.8802 228.5913 187.9583 230.2561 186.3863
208.9388 178.0906 210.9309 178.2675 209.8677 178.9356
207.1771 177.9342 208.9388 178.0906 207.9269 179.8995
230.8616 185.1945 231.5211 186.8184 230.2561 186.3863
233.1802 187.5622 234.8865 186.4182 235.5725 187.9155
233.1802 187.5622 235.5725 187.9155 233.9692 189.1111
231.5211 186.8184 233.1802 187.5622 231.7538 188.5556
234.8865 186.4182 233.1802 187.5622 232.9730 185.8364
215.0477 186.5107 215.5992 184.6482 216.5330 185.5652
230.8616 185.1945 232.9730 185.8364 231.5211 186.8184
230.4122 187.8802 230.2561 186.3863 231.5211 186.8184
218.3507 182.7952 216.9835 182.8308 217.5000 181.1320
230.4122 187.8802 231.5211 186.8184 231.7538 188.5556
230.8616 185.1945 230.2561 186.3863 229.3769 184.7431
214.5308 180.2292 213.6857 181.4181 213.0462 179.7778
199.4862 186.1469 198.3693 187.0696 197.8172 185.7695
211.9624 189.6292 212.9145 190.5483 210.8921 191.0275
209.7566 180.1864 209.8677 178.9356 211.3869 179.8653
208.6575 181.2181 207.9269 179.8995 209.7566 180.1864
211.3869 179.8653 209.8677 178.9356 210.9309 178.2675
207.9269 179.8995 209.8677 178.9356 209.7566 180.1864
212.9231 178.4444 211.3869 179.8653 210.9309 178.2675
211.3869 179.8653 213.0462 179.7778 212.2802 181.0281
216.0154 180.6806 215.9026 182.0244 214.5308 180.2292
217.3707 190.5963 215.8711 190.2374 217.3335 189.1402
210.9721 181.8312 212.2802 181.0281 212.3574 182.4923
212.2802 181.0281 213.0462 179.7778 213.6857 181.4181
210.9262 183.8097 210.9721 181.8312 212.3574 182.4923
209.7566 180.1864 210.9721 181.8312 209.5577 182.4273
209.5577 182.4273 208.9816 183.8569 207.9448 182.6883
207.9269 179.8995 208.6575 181.2181 206.1742 181.7324
209.8677 178.9356 207.9269 179.8995 208.9388 178.0906
213.4892 183.7725 213.4718 185.4810 212.2196 184.6140
206.3093 179.6438 207.9269 179.8995 206.1742 181.7324
198.8615 189.0278 200.8118 189.1987 200.6923 191.1528
213.4892 183.7725 212.3574 182.4923 214.6466 182.5155
195.2000 184.7778 196.5310 184.9511 196.5054 186.2930
205.1330 180.7832 206.3093 179.6438 206.1742 181.7324
227.5562 189.3183 225.5036 188.4607 226.4000 187.5819
228.5913 187.9583 228.1399 186.1444 230.2561 186.3863
215.9026 182.0244 217.5000 181.1320 216.9835 182.8308
218.9846 181.5833 218.3507 182.7952 217.5000 181.1320
212.2802 181.0281 213.6857 181.4181 212.3574 182.4923
214.6466 182.5155 214.5308 180.2292 215.9026 182.0244
213.4892 183.7725 215.5992 184.6482 213.4718 185.4810
229.3769 184.7431 228.1399 186.1444 227.8923 184.2917
226.4077 183.8403 227.8923 184.2917 225.9029 185.5005
214.5308 180.2292 214.6466 182.5155 213.6857 181.4181
212.3574 182.4923 213.6857 181.4181 214.6466 182.5155
220.4034 183.4540 218.3507 182.7952 220.4693 182.0347
223.9238 190.0095 224.3141 188.0595 225.5036 188.4607
217.7813 193.3671 216.6782 191.8778 218.4967 191.5202
212.9145 190.5483 211.9624 189.6292 213.4395 188.6706
217.5000 181.1320 215.9026 182.0244 216.0154 180.6806
215.5992 184.6482 215.9026 182.0244 216.9835 182.8308
223.1286 183.7785 221.2349 184.6060 221.9539 182.4861
224.4892 184.8734 223.1286 183.7785 224.9231 183.3889
213.3800 187.0750 215.0477 186.5107 215.5829 188.3468
220.4034 183.4540 221.9539 182.4861 221.2349 184.6060
218.3564 187.0111 219.9956 186.2598 219.5540 188.0561
214.6466 182.5155 215.5992 184.6482 213.4892 183.7725
211.9624 189.6292 211.6069 187.4642 213.4395 188.6706
227.5562 189.3183 227.6461 191.0348 225.8812 189.6579
228.1399 186.1444 229.3769 184.7431 230.2561 186.3863
231.7538 188.5556 230.3846 189.3820 230.4122 187.8802
228.5913 187.9583 230.4122 187.8802 230.3846 189.3820
228.5913 187.9583 229.0154 190.2084 227.5562 189.3183
228.1399 186.1444 226.8635 186.3711 227.8923 184.2917
223.3924 191.7245 222.0609 191.7520 221.9617 190.4238
224.4892 184.8734 224.9231 183.3889 226.4077 183.8403
226.8635 186.3711 228.5913 187.9583 226.4000 187.5819
224.6231 186.4786 223.0862 185.5244 224.4892 184.8734
225.8812 189.6579 227.6461 191.0348 226.2769 191.8612
224.9077 192.6875 223.3924 191.7245 225.1004 190.9353
225.1004 190.9353 223.3924 191.7245 223.9238 190.0095
226.4000 187.5819 225.5036 188.4607 224.6231 186.4786
220.4693 182.0347 218.3507 182.7952 218.9846 181.5833
217.3916 184.5775 218.3507 182.7952 219.0742 183.9559
214.6466 182.5155 215.9026 182.0244 215.5992 184.6482
212.2196 184.6140 210.3148 185.6911 210.9262 183.8097
217.3916 184.5775 216.9835 182.8308 218.3507 182.7952
215.5992 184.6482 216.9835 182.8308 217.3916 184.5775
200.3764 187.2900 200.8118 189.1987 198.8615 189.0278
224.4892 184.8734 226.4077 183.8403 225.9029 185.5005
224.3141 188.0595 223.0394 188.8185 222.6139 187.1651
221.2349 184.6060 223.1286 183.7785 223.0862 185.5244
220.4279 193.8736 222.1692 194.3403 220.8000 195.1667
219.6135 189.9049 220.4522 191.3386 218.4967 191.5202
223.9238 190.0095 223.0394 188.8185 224.3141 188.0595
226.4000 187.5819 224.6231 186.4786 226.8635 186.3711
227.5562 189.3183 226.4000 187.5819 228.5913 187.9583
227.6461 191.0348 227.5562 189.3183 229.0154 190.2084
227.5562 189.3183 225.8812 189.6579 225.5036 188.4607
218.6713 185.4532 219.0742 183.9559 219.9565 184.9392
217.3916 184.5775 219.0742 183.9559 218.6713 185.4532
218.3564 187.0111 216.7751 186.8514 218.6713 185.4532
216.5330 185.5652 218.6713 185.4532 216.7751 186.8514
221.2349 184.6060 223.0862 185.5244 221.7526 185.8876
221.9617 190.4238 221.5848 188.5274 223.0394 188.8185
217.3335 189.1402 215.8711 190.2374 215.5829 188.3468
215.5992 184.6482 217.3916 184.5775 216.5330 185.5652
218.6713 185.4532 216.5330 185.5652 217.3916 184.5775
216.5330 185.5652 216.7751 186.8514 215.0477 186.5107
224.6231 186.4786 224.4892 184.8734 225.9029 185.5005
223.1286 183.7785 224.4892 184.8734 223.0862 185.5244
224.6231 186.4786 225.9029 185.5005 226.8635 186.3711
224.6231 186.4786 224.3141 188.0595 222.6139 187.1651
221.1585 187.1355 221.7526 185.8876 222.6139 187.1651
224.9231 183.3889 223.1286 183.7785 221.9539 182.4861
219.9565 184.9392 221.2349 184.6060 221.7526 185.8876
219.9565 184.9392 220.4034 183.4540 221.2349 184.6060
223.9238 190.0095 225.8812 189.6579 225.1004 190.9353
219.5540 188.0561 221.1585 187.1355 221.5848 188.5274
223.3924 191.7245 224.9077 192.6875 223.5385 193.5139
225.8812 189.6579 226.2769 191.8612 225.1004 190.9353
225.1004 190.9353 226.2769 191.8612 224.9077 192.6875
221.2401 192.8008 223.5385 193.5139 222.1692 194.3403
221.9617 190.4238 223.0394 188.8185 223.9238 190.0095
221.9617 190.4238 223.9238 190.0095 223.3924 191.7245
222.6139 187.1651 223.0394 188.8185 221.5848 188.5274
223.5385 193.5139 221.2401 192.8008 222.0609 191.7520
221.5848 188.5274 221.9617 190.4238 220.9016 189.6489
221.1585 187.1355 222.6139 187.1651 221.5848 188.5274
222.6139 187.1651 223.0862 185.5244 224.6231 186.4786
221.2401 192.8008 219.6510 192.7136 220.4522 191.3386
219.5540 188.0561 219.9956 186.2598 221.1585 187.1355
220.4522 191.3386 221.9617 190.4238 222.0609 191.7520
219.6510 192.7136 218.4967 191.5202 220.4522 191.3386
221.5848 188.5274 220.9016 189.6489 219.5540 188.0561
219.9956 186.2598 219.9565 184.9392 221.7526 185.8876
219.6135 189.9049 218.6452 189.0107 219.5540 188.0561
217.3335 189.1402 218.3564 187.0111 218.6452 189.0107
223.5385 193.5139 222.0609 191.7520 223.3924 191.7245
220.4522 191.3386 222.0609 191.7520 221.2401 192.8008
222.1692 194.3403 220.4279 193.8736 221.2401 192.8008
220.4522 191.3386 219.6135 189.9049 220.9016 189.6489
212.3815 193.1178 210.3108 192.6960 212.4817 191.7987
219.6510 192.7136 217.7813 193.3671 218.4967 191.5202
217.3707 190.5963 218.6452 189.0107 219.6135 189.9049
217.3707 190.5963 217.3335 189.1402 218.6452 189.0107
216.9271 195.2527 218.8484 195.0282 218.0616 196.8195
218.8484 195.0282 219.6510 192.7136 220.4279 193.8736
221.2401 192.8008 220.4279 193.8736 219.6510 192.7136
220.4522 191.3386 220.9016 189.6489 221.9617 190.4238
219.5540 188.0561 220.9016 189.6489 219.6135 189.9049
217.3707 190.5963 219.6135 189.9049 218.4967 191.5202
218.3564 187.0111 217.3335 189.1402 216.7751 186.8514
213.7413 195.2041 215.7294 193.7338 215.3335 195.2776
220.8000 195.1667 218.8484 195.0282 220.4279 193.8736
216.9271 195.2527 215.3335 195.2776 215.7294 193.7338
212.4817 191.7987 212.9145 190.5483 214.8300 191.7403
219.6510 192.7136 218.8484 195.0282 217.7813 193.3671
218.8484 195.0282 220.8000 195.1667 218.0616 196.8195
216.6782 191.8778 217.7813 193.3671 215.7294 193.7338
216.6782 191.8778 214.8300 191.7403 215.8711 190.2374
214.8300 191.7403 214.1861 190.1822 215.8711 190.2374
213.3800 187.0750 215.5829 188.3468 213.4395 188.6706
218.4967 191.5202 216.6782 191.8778 217.3707 190.5963
215.8711 190.2374 217.3707 190.5963 216.6782 191.8778
212.4817 191.7987 214.8300 191.7403 213.6936 193.2861
215.5829 188.3468 214.1861 190.1822 213.4395 188.6706
207.7589 196.7738 207.8006 195.4391 209.1230 195.2545
205.2511 194.5010 203.8906 192.7304 205.3305 192.4198
213.6936 193.2861 214.8300 191.7403 215.7294 193.7338
212.4817 191.7987 210.3108 192.6960 210.8921 191.0275
223.9238 190.0095 225.5036 188.4607 225.8812 189.6579
224.6231 186.4786 225.5036 188.4607 224.3141 188.0595
227.8923 184.2917 226.8635 186.3711 225.9029 185.5005
228.5913 187.9583 226.8635 186.3711 228.1399 186.1444
218.6713 185.4532 219.9565 184.9392 219.9956 186.2598
220.4034 183.4540 219.9565 184.9392 219.0742 183.9559
218.3507 182.7952 220.4034 183.4540 219.0742 183.9559
221.9539 182.4861 220.4034 183.4540 220.4693 182.0347
222.6139 187.1651 221.7526 185.8876 223.0862 185.5244
219.9956 186.2598 221.7526 185.8876 221.1585 187.1355
219.9956 186.2598 218.3564 187.0111 218.6713 185.4532
218.6452 189.0107 218.3564 187.0111 219.5540 188.0561
214.4426 196.8815 213.7413 195.2041 215.3335 195.2776
213.6936 193.2861 212.3815 193.1178 212.4817 191.7987
207.3419 191.6922 208.8663 190.9089 209.1772 192.1349
208.7023 185.3726 210.3148 185.6911 209.1173 187.5126
214.8300 191.7403 216.6782 191.8778 215.7294 193.7338
213.6936 193.2861 213.7413 195.2041 211.7750 194.2934
217.7813 193.3671 218.8484 195.0282 216.9271 195.2527
213.7413 195.2041 213.6936 193.2861 215.7294 193.7338
213.7413 195.2041 214.4426 196.8815 213.0401 196.4825
209.7918 196.5835 210.9473 195.6462 211.6947 197.0449
217.7813 193.3671 216.9271 195.2527 215.7294 193.7338
213.6936 193.2861 211.7750 194.2934 212.3815 193.1178
210.3108 192.6960 212.3815 193.1178 211.7750 194.2934
216.6923 197.6459 215.7980 196.5851 218.0616 196.8195
215.3335 195.2776 215.7980 196.5851 214.4426 196.8815
215.7980 196.5851 215.3231 198.4723 214.4426 196.8815
215.7980 196.5851 216.9271 195.2527 218.0616 196.8195
211.2154 200.9514 211.8309 198.6742 212.5847 200.1250
213.0401 196.4825 211.7750 194.2934 213.7413 195.2041
213.1849 197.9918 213.9539 199.2986 212.5847 200.1250
213.1849 197.9918 211.6947 197.0449 213.0401 196.4825
210.9473 195.6462 210.2491 194.2223 211.7750 194.2934
211.8309 198.6742 213.1849 197.9918 212.5847 200.1250
215.3231 198.4723 213.1849 197.9918 214.4426 196.8815
213.9539 199.2986 213.1849 197.9918 215.3231 198.4723
213.0401 196.4825 211.6947 197.0449 210.9473 195.6462
210.5381 198.8705 211.8309 198.6742 211.2154 200.9514
207.2354 198.7474 208.5450 198.9390 208.5408 200.2626
210.5381 198.8705 209.9824 200.2021 208.5450 198.9390
211.7750 194.2934 210.2491 194.2223 210.3108 192.6960
211.8309 198.6742 210.5381 198.8705 211.6947 197.0449
208.5450 198.9390 209.9824 200.2021 208.5408 200.2626
209.9824 200.2021 209.8462 201.7778 208.5408 200.2626
211.6947 197.0449 210.5381 198.8705 209.5225 198.0468
207.7589 196.7738 208.5450 198.9390 207.2354 198.7474
210.5381 198.8705 208.5450 198.9390 209.5225 198.0468
207.9703 188.8270 208.9616 189.6341 206.9498 190.2419
211.9624 189.6292 210.8921 191.0275 210.2172 189.3946
208.9616 189.6341 210.3728 188.0413 210.2172 189.3946
213.4395 188.6706 214.1861 190.1822 212.9145 190.5483
208.1935 192.9299 207.8006 195.4391 206.8070 194.5471
209.7918 196.5835 209.5225 198.0468 207.7589 196.7738
209.1230 195.2545 209.7918 196.5835 207.7589 196.7738
208.1935 192.9299 209.1230 195.2545 207.8006 195.4391
206.2320 188.9734 206.9498 190.2419 205.3558 190.3065
214.8300 191.7403 212.9145 190.5483 214.1861 190.1822
210.8921 191.0275 212.9145 190.5483 212.4817 191.7987
211.7750 194.2934 213.0401 196.4825 210.9473 195.6462
208.1935 192.9299 210.2491 194.2223 209.1230 195.2545
209.7918 196.5835 211.6947 197.0449 209.5225 198.0468
209.1230 195.2545 210.2491 194.2223 210.9473 195.6462
209.5225 198.0468 208.5450 198.9390 207.7589 196.7738
209.1230 195.2545 210.9473 195.6462 209.7918 196.5835
207.2354 198.7474 206.0573 197.3800 207.7589 196.7738
207.7589 196.7738 206.0573 197.3800 206.5197 195.9867
206.5197 195.9867 207.8006 195.4391 207.7589 196.7738
206.5676 187.5550 207.8354 187.1066 207.9703 188.8270
203.8906 192.7304 202.5231 193.2778 202.8451 191.6927
204.8792 196.0126 206.5197 195.9867 206.0573 197.3800
207.8006 195.4391 206.5197 195.9867 206.8070 194.5471
201.3619 182.2786 200.3077 181.2778 201.5846 180.4028
205.2586 187.2532 203.2083 186.4016 205.2831 185.9101
203.5476 180.8746 202.8616 179.5278 204.6834 179.4480
198.8748 184.8334 198.1417 183.7634 200.4286 183.3930
207.1609 185.9434 206.5676 187.5550 205.2831 185.9101
196.5310 184.9511 198.1417 183.7634 197.8172 185.7695
201.3619 182.2786 202.1793 183.8432 200.4286 183.3930
198.1417 183.7634 196.5310 184.9511 196.8498 183.6473
200.3077 181.2778 201.3619 182.2786 200.4286 183.3930
203.4503 184.9120 202.1793 183.8432 203.4777 183.3970
195.2000 184.7778 196.8498 183.6473 196.5310 184.9511
196.8498 183.6473 198.4996 182.5168 198.1417 183.7634
200.4286 183.3930 198.4996 182.5168 200.3077 181.2778
199.4862 186.1469 200.4610 184.9862 200.3764 187.2900
200.4286 183.3930 198.1417 183.7634 198.4996 182.5168
198.1417 183.7634 198.8748 184.8334 197.8172 185.7695
201.5846 180.4028 202.8131 182.1956 201.3619 182.2786
200.4610 184.9862 200.4286 183.3930 202.1793 183.8432
204.6834 179.4480 205.1330 180.7832 203.5476 180.8746
203.4777 183.3970 202.1793 183.8432 202.8131 182.1956
200.3764 187.2900 200.4610 184.9862 201.9350 185.5914
198.8748 184.8334 200.4286 183.3930 200.4610 184.9862
202.0981 190.2581 202.9949 189.2445 203.7614 190.3598
200.3764 187.2900 198.8615 189.0278 198.3693 187.0696
201.5846 180.4028 202.8616 179.5278 203.5476 180.8746
202.1793 183.8432 201.3619 182.2786 202.8131 182.1956
202.1793 183.8432 201.9350 185.5914 200.4610 184.9862
204.5047 182.0443 204.7591 183.8899 203.4777 183.3970
208.6575 181.2181 209.5577 182.4273 207.9448 182.6883
201.9350 185.5914 202.1793 183.8432 203.4503 184.9120
204.7591 183.8899 206.0511 184.6328 205.2831 185.9101
203.4503 184.9120 204.7591 183.8899 205.2831 185.9101
205.2511 194.5010 206.5197 195.9867 204.8792 196.0126
202.0981 190.2581 200.6923 191.1528 200.8118 189.1987
207.9448 182.6883 206.4484 183.1969 206.1742 181.7324
204.8432 188.5308 202.9949 189.2445 202.9678 187.8915
204.5047 182.0443 203.4777 183.3970 202.8131 182.1956
203.4503 184.9120 203.4777 183.3970 204.7591 183.8899
203.5476 180.8746 204.5047 182.0443 202.8131 182.1956
204.5047 182.0443 206.1742 181.7324 206.4484 183.1969
201.5846 180.4028 203.5476 180.8746 202.8131 182.1956
202.8616 179.5278 205.4154 177.7778 204.6834 179.4480
205.4154 177.7778 207.1771 177.9342 206.3093 179.6438
204.5047 182.0443 205.1330 180.7832 206.1742 181.7324
203.5476 180.8746 205.1330 180.7832 204.5047 182.0443
205.1330 180.7832 204.6834 179.4480 206.3093 179.6438
205.4154 177.7778 206.3093 179.6438 204.6834 179.4480
207.1771 177.9342 207.9269 179.8995 206.3093 179.6438
203.2083 186.4016 201.5722 188.0212 201.9350 185.5914
202.8451 191.6927 200.6923 191.1528 202.0981 190.2581
200.8118 189.1987 201.5722 188.0212 202.9949 189.2445
206.0888 191.3721 206.6954 193.0484 205.3305 192.4198
200.8118 189.1987 200.3764 187.2900 201.5722 188.0212
202.8451 191.6927 202.0981 190.2581 203.7614 190.3598
203.4503 184.9120 203.2083 186.4016 201.9350 185.5914
205.2586 187.2532 205.2831 185.9101 206.5676 187.5550
203.7614 190.3598 205.3305 192.4198 203.8906 192.7304
200.6923 191.1528 202.8451 191.6927 202.5231 193.2778
200.8118 189.1987 202.9949 189.2445 202.0981 190.2581
205.2586 187.2532 202.9678 187.8915 203.2083 186.4016
203.7614 190.3598 204.8432 188.5308 205.3558 190.3065
203.7614 190.3598 202.9949 189.2445 204.8432 188.5308
205.2831 185.9101 203.2083 186.4016 203.4503 184.9120
201.5722 188.0212 203.2083 186.4016 202.9678 187.8915
205.3558 190.3065 204.8432 188.5308 206.2320 188.9734
205.2586 187.2532 206.2320 188.9734 204.8432 188.5308
203.7614 190.3598 203.8906 192.7304 202.8451 191.6927
205.2511 194.5010 206.8070 194.5471 206.5197 195.9867
205.2511 194.5010 204.8792 196.0126 203.7012 194.6452
202.5231 193.2778 203.8906 192.7304 203.7012 194.6452
201.9350 185.5914 201.5722 188.0212 200.3764 187.2900
202.9949 189.2445 201.5722 188.0212 202.9678 187.8915
206.2320 188.9734 205.2586 187.2532 206.5676 187.5550
205.2586 187.2532 204.8432 188.5308 202.9678 187.8915
206.9498 190.2419 206.2320 188.9734 207.9703 188.8270
210.2172 189.3946 210.8921 191.0275 208.8663 190.9089
206.0888 191.3721 206.9498 190.2419 207.3419 191.6922
205.3305 192.4198 203.7614 190.3598 205.3558 190.3065
210.3108 192.6960 209.1772 192.1349 210.8921 191.0275
207.3419 191.6922 209.1772 192.1349 208.1935 192.9299
203.8906 192.7304 205.2511 194.5010 203.7012 194.6452
206.6954 193.0484 205.2511 194.5010 205.3305 192.4198
198.8615 189.0278 196.5054 186.2930 198.3693 187.0696
197.8172 185.7695 198.3693 187.0696 196.5054 186.2930
208.9816 183.8569 209.5577 182.4273 210.9262 183.8097
206.0511 184.6328 207.1609 185.9434 205.2831 185.9101
206.4484 183.1969 207.9448 182.6883 207.4936 184.2586
206.1742 181.7324 208.6575 181.2181 207.9448 182.6883
208.1935 192.9299 210.3108 192.6960 210.2491 194.2223
206.6954 193.0484 208.1935 192.9299 206.8070 194.5471
196.5310 184.9511 197.8172 185.7695 196.5054 186.2930
199.4862 186.1469 197.8172 185.7695 198.8748 184.8334
200.4610 184.9862 199.4862 186.1469 198.8748 184.8334
200.3764 187.2900 198.3693 187.0696 199.4862 186.1469
204.7591 183.8899 204.5047 182.0443 206.4484 183.1969
206.0511 184.6328 207.4936 184.2586 207.1609 185.9434
207.4936 184.2586 206.0511 184.6328 206.4484 183.1969
204.7591 183.8899 206.4484 183.1969 206.0511 184.6328
208.7023 185.3726 207.1609 185.9434 207.4936 184.2586
209.1173 187.5126 207.8354 187.1066 208.7023 185.3726
208.7023 185.3726 208.9816 183.8569 210.3148 185.6911
211.6069 187.4642 212.1273 186.0851 213.3800 187.0750
208.9816 183.8569 208.7023 185.3726 207.4936 184.2586
210.3728 188.0413 210.3148 185.6911 211.6069 187.4642
207.9448 182.6883 208.9816 183.8569 207.4936 184.2586
210.9721 181.8312 210.9262 183.8097 209.5577 182.4273
210.2172 189.3946 208.8663 190.9089 208.9616 189.6341
207.1609 185.9434 207.8354 187.1066 206.5676 187.5550
212.2196 184.6140 212.3574 182.4923 213.4892 183.7725
210.3148 185.6911 208.9816 183.8569 210.9262 183.8097
206.5676 187.5550 207.9703 188.8270 206.2320 188.9734
210.3728 188.0413 208.9616 189.6341 209.1173 187.5126
210.3728 188.0413 211.9624 189.6292 210.2172 189.3946
210.3148 185.6911 212.2196 184.6140 212.1273 186.0851
208.7023 185.3726 207.8354 187.1066 207.1609 185.9434
207.9703 188.8270 207.8354 187.1066 209.1173 187.5126
212.2196 184.6140 213.4718 185.4810 212.1273 186.0851
212.3574 182.4923 212.2196 184.6140 210.9262 183.8097
213.3800 187.0750 212.1273 186.0851 213.4718 185.4810
210.3148 185.6911 212.1273 186.0851 211.6069 187.4642
215.5992 184.6482 215.0477 186.5107 213.4718 185.4810
211.6069 187.4642 213.3800 187.0750 213.4395 188.6706
215.0477 186.5107 216.7751 186.8514 215.5829 188.3468
213.4718 185.4810 215.0477 186.5107 213.3800 187.0750
217.3335 189.1402 215.5829 188.3468 216.7751 186.8514
215.5829 188.3468 215.8711 190.2374 214.1861 190.1822
210.8921 191.0275 209.1772 192.1349 208.8663 190.9089
210.3108 192.6960 208.1935 192.9299 209.1772 192.1349
205.2511 194.5010 206.6954 193.0484 206.8070 194.5471
205.3305 192.4198 205.3558 190.3065 206.0888 191.3721
208.8663 190.9089 207.3419 191.6922 206.9498 190.2419
208.1935 192.9299 206.6954 193.0484 207.3419 191.6922
206.9498 190.2419 208.9616 189.6341 208.8663 190.9089
209.1173 187.5126 208.9616 189.6341 207.9703 188.8270
210.3148 185.6911 210.3728 188.0413 209.1173 187.5126
211.9624 189.6292 210.3728 188.0413 211.6069 187.4642
206.9498 190.2419 206.0888 191.3721 205.3558 190.3065
206.6954 193.0484 206.0888 191.3721 207.3419 191.6922
215.3231 198.4723 215.7980 196.5851 216.6923 197.6459
216.9271 195.2527 215.7980 196.5851 215.3335 195.2776
210.5381 198.8705 211.2154 200.9514 209.9824 200.2021
209.8462 201.7778 209.9824 200.2021 211.2154 200.9514
211.6947 197.0449 213.1849 197.9918 211.8309 198.6742
214.4426 196.8815 213.1849 197.9918 213.0401 196.4825
