168.0433 203.7280 166.3384 203.0555 167.4154 202.4722
166.2769 205.9031 165.0212 204.7205 166.8650 204.4914
165.0212 204.7205 166.2769 205.9031 165.0462 205.8333
165.0462 205.8333 166.2769 205.9031 166.0308 207.1111
166.0308 207.1111 166.2769 205.9031 166.5231 207.1111
164.0615 204.5556 164.1846 204.2222 165.0212 204.7205
170.1538 203.3333 168.0433 203.7280 168.4923 201.8889
166.5231 207.1111 166.2769 205.9031 168.8000 206.0555
164.0615 204.5556 165.0212 204.7205 165.0462 205.8333
164.1846 204.2222 166.3384 203.0555 165.0212 204.7205
165.0212 204.7205 166.3384 203.0555 166.8650 204.4914
166.2769 205.9031 166.8650 204.4914 168.8000 206.0555
170.1538 203.3333 169.5747 204.7431 168.0433 203.7280
168.8000 206.0555 166.8650 204.4914 168.0433 203.7280
167.4154 202.4722 168.4923 201.8889 168.0433 203.7280
169.5747 204.7431 170.1538 203.3333 171.0769 205.0000
169.2308 201.6667 170.1538 203.3333 168.4923 201.8889
166.3384 203.0555 168.0433 203.7280 166.8650 204.4914
171.0769 205.0000 168.8000 206.0555 169.5747 204.7431
168.0433 203.7280 169.5747 204.7431 168.8000 206.0555
