318.8923 206.2778 319.3846 208.4444 318.3634 207.9481
316.7635 206.1001 318.3634 207.9481 317.2284 208.1850
315.2568 201.3878 313.8153 201.9722 313.3538 200.1111
317.2284 208.1850 318.3634 207.9481 319.1385 208.7778
319.3846 208.4444 319.1385 208.7778 318.3634 207.9481
317.0462 199.5556 316.6322 200.6613 315.2000 199.8333
316.7635 206.1001 317.2284 208.1850 315.2000 207.5556
318.3634 207.9481 316.7635 206.1001 318.8923 206.2778
317.4154 199.7778 316.6322 200.6613 317.0462 199.5556
317.8967 205.3647 316.4084 203.4244 318.4000 204.1111
317.4154 199.7778 317.9077 201.9445 316.6322 200.6613
315.2568 201.3878 315.1789 202.7757 313.8153 201.9722
318.4000 204.1111 316.4084 203.4244 317.9077 201.9445
316.4084 203.4244 316.6322 200.6613 317.9077 201.9445
315.2000 199.8333 315.2568 201.3878 313.3538 200.1111
315.9617 204.8451 314.2769 203.8333 316.4084 203.4244
318.4000 204.1111 318.8923 206.2778 317.8967 205.3647
317.8967 205.3647 315.9617 204.8451 316.4084 203.4244
315.2568 201.3878 315.2000 199.8333 316.6322 200.6613
316.6322 200.6613 316.4084 203.4244 315.2568 201.3878
314.2769 203.8333 315.1789 202.7757 316.4084 203.4244
316.7635 206.1001 315.2000 207.5556 314.7385 205.6945
316.7635 206.1001 314.7385 205.6945 315.9617 204.8451
314.2769 203.8333 315.9617 204.8451 314.7385 205.6945
318.8923 206.2778 316.7635 206.1001 317.8967 205.3647
315.9617 204.8451 317.8967 205.3647 316.7635 206.1001
313.8153 201.9722 315.1789 202.7757 314.2769 203.8333
315.2568 201.3878 316.4084 203.4244 315.1789 202.7757
