157.7678 209.7778 157.1692 209.6667 158.4615 208.6945
164.4308 208.7778 162.4000 210.3889 162.7492 208.7436
159.6308 212.2222 158.4000 211.0555 159.6549 210.9642
162.2238 206.8279 161.0462 206.7500 162.3385 205.7778
159.9675 209.3513 159.6549 210.9642 158.4000 211.0555
157.1692 209.6667 157.7678 209.7778 157.1692 209.8889
162.2238 206.8279 161.2198 208.3259 161.0462 206.7500
162.2238 206.8279 162.3385 205.7778 162.7077 205.8889
159.6549 210.9642 160.3692 212.0000 159.6308 212.2222
157.7678 209.7778 158.4615 208.6945 159.9675 209.3513
158.4000 211.0555 157.1692 209.8889 157.7678 209.7778
160.3692 212.0000 159.6549 210.9642 160.9656 210.3815
159.9675 209.3513 158.4000 211.0555 157.7678 209.7778
159.9675 209.3513 158.4615 208.6945 159.7538 207.7223
162.2238 206.8279 162.7492 208.7436 161.2198 208.3259
164.3077 208.1111 164.4308 208.7778 162.7492 208.7436
164.3077 208.1111 162.7492 208.7436 163.5077 207.0000
161.2198 208.3259 162.4000 210.3889 160.9656 210.3815
161.2198 208.3259 159.7538 207.7223 161.0462 206.7500
160.9656 210.3815 159.9675 209.3513 161.2198 208.3259
162.4000 210.3889 161.2198 208.3259 162.7492 208.7436
159.9675 209.3513 159.7538 207.7223 161.2198 208.3259
160.3692 212.0000 160.9656 210.3815 162.4000 210.3889
159.6549 210.9642 159.9675 209.3513 160.9656 210.3815
162.2238 206.8279 163.5077 207.0000 162.7492 208.7436
162.7077 205.8889 163.5077 207.0000 162.2238 206.8279
