152.1231 212.6667 152.9591 212.8333 152.1231 213.0000
157.6615 214.1111 155.8154 215.4444 155.5693 214.1182
156.1846 210.0000 156.6769 209.8889 156.9529 210.8500
152.9591 212.8333 152.1231 212.6667 153.1385 212.0000
157.2290 211.8112 156.2102 212.9531 155.6653 211.7401
153.7231 214.2222 155.5693 214.1182 155.3231 215.4444
155.6653 211.7401 156.2102 212.9531 154.3180 212.6899
155.5693 214.1182 155.8154 215.4444 155.3231 215.4444
155.6653 211.7401 156.9529 210.8500 157.2290 211.8112
155.6653 211.7401 156.1846 210.0000 156.9529 210.8500
155.5693 214.1182 156.2102 212.9531 157.6615 214.1111
152.9591 212.8333 153.1385 212.0000 154.3180 212.6899
152.9591 212.8333 154.3180 212.6899 153.7231 214.2222
154.3180 212.6899 153.1385 212.0000 154.1538 211.3333
153.7231 214.2222 152.1231 213.0000 152.9591 212.8333
154.1538 211.3333 156.1846 210.0000 155.6653 211.7401
155.5693 214.1182 153.7231 214.2222 154.3180 212.6899
157.2290 211.8112 157.5385 212.8889 156.2102 212.9531
154.3180 212.6899 154.1538 211.3333 155.6653 211.7401
157.6615 214.1111 156.2102 212.9531 157.5385 212.8889
154.3180 212.6899 156.2102 212.9531 155.5693 214.1182
