200.6154 216.7778 199.1385 214.8889 200.0979 215.0536
205.1692 210.6667 206.1538 212.4444 203.6923 211.6389
199.2615 214.5556 200.0979 215.0536 199.1385 214.8889
200.0979 215.0536 200.8615 215.7641 200.6154 216.7778
200.6154 216.7778 200.8615 215.7641 201.1077 216.7778
202.7415 214.3380 204.0810 214.1477 204.1231 215.5000
202.6154 216.1389 201.1077 216.7778 200.8615 215.7641
199.2615 214.5556 200.7384 213.5834 200.0979 215.0536
202.7415 214.3380 201.4859 214.6350 202.2154 212.6112
200.7384 213.5834 201.4859 214.6350 200.0979 215.0536
200.8615 215.7641 200.0979 215.0536 201.4859 214.6350
204.1231 215.5000 202.6154 216.1389 202.7415 214.3380
202.6154 216.1389 200.8615 215.7641 201.4859 214.6350
205.3063 213.5259 203.6923 211.6389 206.1538 212.4444
204.0810 214.1477 205.6308 214.8611 204.1231 215.5000
205.3063 213.5259 203.4991 212.9534 203.6923 211.6389
203.4991 212.9534 202.7415 214.3380 202.2154 212.6112
205.3063 213.5259 205.6308 214.8611 204.0810 214.1477
205.3063 213.5259 207.1385 214.2222 205.6308 214.8611
202.7415 214.3380 203.4991 212.9534 204.0810 214.1477
207.1385 214.2222 205.3063 213.5259 206.1538 212.4444
202.2154 212.6112 201.4859 214.6350 200.7384 213.5834
202.6154 216.1389 201.4859 214.6350 202.7415 214.3380
203.4991 212.9534 205.3063 213.5259 204.0810 214.1477
202.2154 212.6112 203.6923 211.6389 203.4991 212.9534
