150.4464 214.5101 150.7692 213.5556 151.1385 213.7778
146.8000 216.0556 146.4488 216.9649 145.4769 216.8889
149.7227 216.2951 149.4461 214.3889 150.4464 214.5101
149.7227 216.2951 148.1231 215.2223 149.4461 214.3889
149.7227 216.2951 150.4464 214.5101 151.4465 216.9593
149.4461 214.3889 150.7692 213.5556 150.4464 214.5101
148.1231 215.2223 149.7227 216.2951 147.9914 217.0382
152.1846 215.3333 153.2308 216.8889 151.4465 216.9593
150.4464 214.5101 151.1385 213.7778 152.1846 215.3333
146.8307 218.8333 147.9914 217.0382 148.7171 218.4015
151.4465 216.9593 150.4464 214.5101 152.1846 215.3333
148.7171 218.4015 148.0615 220.2222 146.8307 218.8333
150.6461 218.5556 148.0615 220.2222 148.7171 218.4015
148.7171 218.4015 147.9914 217.0382 149.7516 217.6021
145.6000 217.4444 145.4769 216.8889 146.4488 216.9649
147.9914 217.0382 146.8307 218.8333 146.4488 216.9649
153.2308 216.8889 150.6461 218.5556 151.4465 216.9593
151.4465 216.9593 150.6461 218.5556 149.7516 217.6021
151.4465 216.9593 149.7516 217.6021 149.7227 216.2951
150.6461 218.5556 148.7171 218.4015 149.7516 217.6021
146.8307 218.8333 145.6000 217.4444 146.4488 216.9649
146.4488 216.9649 146.8000 216.0556 147.9914 217.0382
148.1231 215.2223 147.9914 217.0382 146.8000 216.0556
149.7516 217.6021 147.9914 217.0382 149.7227 216.2951
