196.9386 217.8448 198.4000 218.4444 197.2923 219.2500
192.1231 219.5556 193.3203 219.7778 192.1231 220.0000
192.1231 219.5556 193.5077 218.5556 193.3203 219.7778
198.1539 217.0555 197.4853 216.2744 197.9077 215.6667
192.1231 220.0000 193.3203 219.7778 193.2308 222.0000
196.9386 217.8448 194.8923 217.5556 196.2769 216.5556
195.1975 218.9818 193.5077 218.5556 194.8923 217.5556
197.6615 215.5556 197.9077 215.6667 197.4853 216.2744
193.3203 219.7778 195.0769 220.8611 193.9692 221.6667
196.9386 217.8448 197.4853 216.2744 198.1539 217.0555
196.2769 216.5556 197.6615 215.5556 197.4853 216.2744
195.0769 220.8611 193.3203 219.7778 195.1975 218.9818
193.2308 222.0000 193.3203 219.7778 193.9692 221.6667
195.1975 218.9818 194.8923 217.5556 196.9386 217.8448
196.2769 216.5556 197.4853 216.2744 196.9386 217.8448
195.1975 218.9818 193.3203 219.7778 193.5077 218.5556
196.1846 220.0556 195.0769 220.8611 195.1975 218.9818
196.1846 220.0556 195.1975 218.9818 197.2923 219.2500
198.4000 218.4444 196.9386 217.8448 198.1539 217.0555
195.1975 218.9818 196.9386 217.8448 197.2923 219.2500
