237.9500 188.6271 236.5201 190.0716 236.3930 188.1478
240.3652 189.5266 240.7059 191.3239 239.2489 190.2178
234.3992 191.2459 233.1809 192.1176 233.3539 190.2778
237.0591 217.0621 235.5498 218.1099 234.7248 216.2474
262.8208 198.0034 263.4341 196.4772 264.4106 197.5818
230.7807 195.0200 230.3147 192.4078 231.7803 194.2057
236.5201 190.0716 234.7552 189.2957 236.3930 188.1478
243.4139 190.5765 243.8094 193.2872 242.1110 191.5297
234.7552 189.2957 236.5201 190.0716 234.3992 191.2459
251.9192 193.8119 252.3948 191.6587 253.1158 193.2714
253.1158 193.2714 252.3948 191.6587 254.6462 192.3889
245.6406 189.4681 243.4139 190.5765 243.7381 188.8511
241.6689 192.8792 242.1110 191.5297 243.8094 193.2872
237.9500 188.6271 238.0308 187.0000 239.2717 188.7703
230.6732 199.8782 229.4146 198.6591 231.0655 198.1704
237.9366 190.2561 238.6590 192.5074 237.3242 191.6942
236.3930 188.1478 238.0308 187.0000 237.9500 188.6271
241.9652 189.8641 242.1110 191.5297 240.7059 191.3239
241.6689 192.8792 240.1584 192.7387 240.7059 191.3239
241.6689 192.8792 242.5857 193.8880 240.6777 195.2316
239.2489 190.2178 240.7059 191.3239 238.6590 192.5074
234.7552 189.2957 234.3992 191.2459 233.3539 190.2778
255.6854 196.0167 256.1427 198.2343 254.7629 198.1569
231.7593 192.7265 230.3147 192.4078 231.9525 191.2599
214.8903 209.3737 214.6098 210.8853 213.4648 209.9496
240.3652 189.5266 239.9332 187.6170 241.8357 188.2340
230.7807 195.0200 232.3025 195.7276 230.8022 196.3090
241.9652 189.8641 241.8357 188.2340 243.7381 188.8511
240.1584 192.7387 238.6590 192.5074 240.7059 191.3239
239.2489 190.2178 237.9366 190.2561 239.2717 188.7703
240.1584 192.7387 241.6689 192.8792 240.6777 195.2316
220.9438 211.0785 219.5309 211.9207 218.7426 210.4770
214.6098 210.8853 214.8903 209.3737 216.1829 209.7776
241.6689 192.8792 240.7059 191.3239 242.1110 191.5297
265.0600 199.4780 264.8615 201.4444 263.2467 200.2643
266.2942 198.0402 267.9437 198.1218 267.7907 199.7662
215.6698 212.5137 214.6098 210.8853 216.5427 211.0832
230.8022 196.3090 232.3025 195.7276 232.5602 197.3159
224.4923 198.6111 226.6462 197.3056 225.9762 198.6297
216.5427 211.0832 217.8623 211.5773 216.8854 213.1373
213.7231 205.1388 214.3250 207.2512 212.8377 207.2214
228.8000 196.0000 230.8022 196.3090 229.6387 197.2067
258.8373 200.4781 257.5354 200.0603 258.8095 198.8648
216.0774 207.4426 217.1567 208.8363 216.1829 209.7776
212.8377 207.2214 214.3250 207.2512 213.9491 208.4878
229.4146 198.6591 229.6387 197.2067 231.0655 198.1704
241.9652 189.8641 243.7381 188.8511 243.4139 190.5765
241.9652 189.8641 240.7059 191.3239 240.3652 189.5266
246.3942 190.9803 248.3472 192.6307 245.8729 192.5875
241.9652 189.8641 243.4139 190.5765 242.1110 191.5297
216.1829 209.7776 217.1567 208.8363 218.7426 210.4770
228.8000 196.0000 229.5227 194.7383 230.8022 196.3090
233.8924 193.4360 231.7803 194.2057 231.7593 192.7265
237.9366 190.2561 239.2489 190.2178 238.6590 192.5074
237.6193 193.9185 239.0533 194.9262 237.2853 195.9179
237.9366 190.2561 237.3242 191.6942 236.5201 190.0716
228.8000 196.0000 228.6769 193.5556 229.5227 194.7383
230.8022 196.3090 229.5227 194.7383 230.7807 195.0200
217.8090 205.1283 219.0477 205.8169 217.4668 207.4814
239.2717 188.7703 238.0308 187.0000 239.9332 187.6170
236.5201 190.0716 237.9500 188.6271 237.9366 190.2561
229.5227 194.7383 228.6769 193.5556 230.3147 192.4078
237.6193 193.9185 236.2476 192.8273 237.3242 191.6942
244.8255 191.3597 243.4139 190.5765 245.6406 189.4681
246.3942 190.9803 244.8255 191.3597 245.6406 189.4681
241.9652 189.8641 240.3652 189.5266 241.8357 188.2340
239.2717 188.7703 237.9366 190.2561 237.9500 188.6271
239.9332 187.6170 240.3652 189.5266 239.2717 188.7703
239.2489 190.2178 239.2717 188.7703 240.3652 189.5266
246.3942 190.9803 245.6406 189.4681 247.8920 190.1983
233.1809 192.1176 231.7593 192.7265 231.9525 191.2599
238.6590 192.5074 240.1584 192.7387 239.0533 194.9262
254.6462 192.3889 255.4231 193.5321 253.1158 193.2714
253.0753 200.4748 254.2180 199.4268 255.2850 200.4247
240.5351 196.8783 240.6777 195.2316 242.3305 195.2270
233.7221 196.3124 233.9567 197.7585 232.5602 197.3159
248.7818 191.2905 247.8920 190.1983 250.1434 190.9285
245.1439 193.8303 243.8094 193.2872 245.8729 192.5875
267.4566 196.5438 267.9437 198.1218 266.2942 198.0402
253.7298 195.6397 254.7133 194.7181 255.6854 196.0167
247.0853 194.0287 248.3472 192.6307 249.0136 194.5007
228.1578 197.7217 228.8000 196.0000 229.6387 197.2067
230.3147 192.4078 230.7807 195.0200 229.5227 194.7383
232.3025 195.7276 230.7807 195.0200 231.7803 194.2057
231.9525 191.2599 233.3539 190.2778 233.1809 192.1176
231.7803 194.2057 230.3147 192.4078 231.7593 192.7265
233.8924 193.4360 233.1809 192.1176 234.9114 192.5181
232.3025 195.7276 233.7221 196.3124 232.5602 197.3159
233.8924 193.4360 233.4920 194.8555 231.7803 194.2057
233.4920 194.8555 235.2377 196.0666 233.7221 196.3124
234.9114 192.5181 236.0122 194.5310 233.8924 193.4360
239.0533 194.9262 240.6777 195.2316 238.8542 196.6159
233.4920 194.8555 233.7221 196.3124 232.3025 195.7276
235.2377 196.0666 235.6644 197.5349 233.9567 197.7585
231.7803 194.2057 233.4920 194.8555 232.3025 195.7276
233.4920 194.8555 233.8924 193.4360 236.0122 194.5310
243.8470 199.0994 242.2116 198.8975 243.5476 197.8667
233.9567 197.7585 232.4764 200.0048 232.5602 197.3159
235.2377 196.0666 233.9567 197.7585 233.7221 196.3124
232.4764 200.0048 233.9567 197.7585 234.9142 198.8673
235.6644 197.5349 235.2377 196.0666 237.2853 195.9179
226.8374 204.8380 226.7971 206.4169 225.3062 205.8955
231.0655 198.1704 229.6387 197.2067 230.8022 196.3090
226.6462 197.3056 228.1578 197.7217 228.0394 199.1915
246.3942 190.9803 247.8920 190.1983 248.7818 191.2905
244.8255 191.3597 246.3942 190.9803 245.8729 192.5875
244.8255 191.3597 245.8729 192.5875 243.8094 193.2872
244.8255 191.3597 243.8094 193.2872 243.4139 190.5765
245.1439 193.8303 247.0853 194.0287 245.6066 195.1949
241.6689 192.8792 243.8094 193.2872 242.5857 193.8880
251.0284 192.0355 250.1434 190.9285 252.3948 191.6587
250.7213 195.2855 249.0136 194.5007 250.6703 193.4068
247.6242 209.7277 246.8709 207.9607 249.1336 208.6799
251.9192 193.8119 253.1158 193.2714 252.5708 194.9518
248.7818 191.2905 251.0284 192.0355 248.3472 192.6307
250.7213 195.2855 251.9192 193.8119 252.5708 194.9518
251.9192 193.8119 250.6703 193.4068 251.0284 192.0355
234.9114 192.5181 233.1809 192.1176 234.3992 191.2459
231.7593 192.7265 233.1809 192.1176 233.8924 193.4360
236.2476 192.8273 234.9114 192.5181 236.5201 190.0716
238.6590 192.5074 239.0533 194.9262 237.6193 193.9185
231.0655 198.1704 230.8022 196.3090 232.5602 197.3159
228.1578 197.7217 229.6387 197.2067 229.4146 198.6591
232.5602 197.3159 232.4764 200.0048 231.0655 198.1704
230.6732 199.8782 232.4764 200.0048 231.1284 201.5703
229.0726 201.3668 227.4249 201.4001 228.0394 199.1915
228.8000 196.0000 228.1578 197.7217 226.6462 197.3056
229.4146 198.6591 228.0394 199.1915 228.1578 197.7217
218.7871 208.8473 220.1823 208.0698 220.9428 209.4781
229.0726 201.3668 228.0394 199.1915 229.4146 198.6591
228.0394 199.1915 226.7454 199.8988 225.9762 198.6297
248.0635 200.3881 248.1814 198.9894 250.2581 199.8689
243.3305 196.3664 242.0599 197.3161 242.3305 195.2270
243.8094 193.2872 245.1439 193.8303 243.9664 194.9903
242.3305 195.2270 243.9664 194.9903 243.3305 196.3664
248.7818 191.2905 250.1434 190.9285 251.0284 192.0355
246.3942 190.9803 248.7818 191.2905 248.3472 192.6307
258.8000 193.7361 260.8769 194.4097 259.5603 195.1878
251.9192 193.8119 251.0284 192.0355 252.3948 191.6587
251.0284 192.0355 250.6703 193.4068 248.3472 192.6307
236.5201 190.0716 234.9114 192.5181 234.3992 191.2459
236.0122 194.5310 234.9114 192.5181 236.2476 192.8273
237.6193 193.9185 237.3242 191.6942 238.6590 192.5074
236.5201 190.0716 237.3242 191.6942 236.2476 192.8273
247.0853 194.0287 245.8729 192.5875 248.3472 192.6307
245.0983 199.3077 244.9408 196.8992 246.4481 197.6770
243.9664 194.9903 242.5857 193.8880 243.8094 193.2872
240.6777 195.2316 242.5857 193.8880 242.3305 195.2270
247.0853 194.0287 245.1439 193.8303 245.8729 192.5875
243.9664 194.9903 245.1439 193.8303 245.6066 195.1949
244.9408 196.8992 243.5476 197.8667 243.3305 196.3664
243.9664 194.9903 242.3305 195.2270 242.5857 193.8880
242.6496 201.4086 241.2768 203.2554 241.3207 201.5992
240.6702 199.2816 240.5351 196.8783 242.0599 197.3161
244.9408 196.8992 243.9664 194.9903 245.6066 195.1949
242.0599 197.3161 243.3305 196.3664 243.5476 197.8667
243.9664 194.9903 244.9408 196.8992 243.3305 196.3664
245.6066 195.1949 246.4481 197.6770 244.9408 196.8992
240.6702 199.2816 242.0599 197.3161 242.2116 198.8975
242.3305 195.2270 242.0599 197.3161 240.5351 196.8783
245.0983 199.3077 244.6424 201.1605 243.8470 199.0994
233.9567 197.7585 235.6644 197.5349 234.9142 198.8673
234.1968 200.5107 234.9142 198.8673 235.9940 200.3170
239.1576 200.1561 240.6702 199.2816 240.4238 200.6009
216.1829 209.7776 218.7426 210.4770 216.5427 211.0832
227.3363 208.3700 227.3327 210.6763 225.8531 209.1902
218.9445 217.1538 218.0399 215.4853 220.4380 215.9827
220.3402 217.3959 218.9445 217.1538 220.4380 215.9827
222.2476 210.2775 222.2485 211.7405 220.9438 211.0785
235.6644 197.5349 236.4781 198.8295 234.9142 198.8673
223.8244 211.8559 222.2485 211.7405 223.7778 210.2765
221.4017 220.2578 222.8609 219.0641 223.0772 220.7877
220.4380 215.9827 221.7015 214.7826 221.9098 217.0651
219.6507 220.1093 220.3402 217.3959 221.2143 218.5106
225.3475 216.3151 224.1903 217.9460 224.0215 216.6002
262.9538 195.0833 263.4341 196.4772 261.9599 196.4700
264.4106 197.5818 266.1521 196.7301 266.2942 198.0402
258.8000 193.7361 259.5603 195.1878 258.0417 195.0081
265.0600 199.4780 263.2467 200.2643 263.7732 198.9945
266.2942 198.0402 265.0600 199.4780 264.4106 197.5818
265.2052 195.8136 267.4566 196.5438 266.1521 196.7301
263.7732 198.9945 262.2769 199.5556 262.8208 198.0034
269.3591 197.1608 271.2615 197.7778 269.5261 198.7720
266.2942 198.0402 266.3261 200.6053 265.0600 199.4780
265.2052 195.8136 263.4341 196.4772 262.9538 195.0833
265.2052 195.8136 266.1521 196.7301 264.4106 197.5818
262.8208 198.0034 260.8936 197.8019 261.9599 196.4700
266.3261 200.6053 264.8615 201.4444 265.0600 199.4780
269.5261 198.7720 267.9437 198.1218 269.3591 197.1608
266.3261 200.6053 266.2942 198.0402 267.7907 199.7662
267.4566 196.5438 269.3591 197.1608 267.9437 198.1218
269.5261 198.7720 267.7907 199.7662 267.9437 198.1218
219.0477 205.8169 219.2670 203.9640 220.1472 204.9334
221.8267 212.9762 220.9438 211.0785 222.2485 211.7405
215.5690 205.7547 214.3250 207.2512 213.7231 205.1388
216.0774 207.4426 213.9491 208.4878 214.3250 207.2512
217.1567 208.8363 218.7871 208.8473 218.7426 210.4770
215.5690 205.7547 213.7231 205.1388 215.8769 203.8333
213.9491 208.4878 216.0774 207.4426 214.8903 209.3737
214.6098 210.8853 216.1829 209.7776 216.5427 211.0832
216.0774 207.4426 216.1829 209.7776 214.8903 209.3737
220.4073 206.2168 221.7789 208.1134 220.1823 208.0698
220.9428 209.4781 222.2476 210.2775 220.9438 211.0785
213.4648 209.9496 213.9491 208.4878 214.8903 209.3737
212.8377 207.2214 213.9491 208.4878 212.6742 208.7000
213.7231 205.1388 212.8377 207.2214 211.5692 206.4444
216.5447 204.9257 215.5690 205.7547 215.8769 203.8333
218.8315 207.2175 218.7871 208.8473 217.4668 207.4814
219.2670 203.9640 219.1077 201.8750 220.8212 202.9318
217.8090 205.1283 219.2670 203.9640 219.0477 205.8169
214.3250 207.2512 215.5690 205.7547 216.0774 207.4426
216.5447 204.9257 217.4668 207.4814 215.5690 205.7547
218.0307 202.5278 216.5447 204.9257 215.8769 203.8333
216.5447 204.9257 217.8090 205.1283 217.4668 207.4814
217.1567 208.8363 216.0774 207.4426 217.4668 207.4814
216.0774 207.4426 215.5690 205.7547 217.4668 207.4814
217.1567 208.8363 217.4668 207.4814 218.7871 208.8473
220.6649 213.5721 218.2367 212.9357 219.5309 211.9207
216.5447 204.9257 218.0307 202.5278 217.8090 205.1283
225.4608 201.5857 225.3621 203.7038 223.9064 203.0279
223.7935 206.1507 224.2625 207.8235 222.9625 207.4698
220.1823 208.0698 218.7871 208.8473 218.8315 207.2175
218.7426 210.4770 218.7871 208.8473 220.9428 209.4781
221.7789 208.1134 222.2682 206.3152 222.9625 207.4698
222.2682 206.3152 221.7789 208.1134 220.4073 206.2168
220.4073 206.2168 220.1823 208.0698 218.8315 207.2175
220.9428 209.4781 220.1823 208.0698 221.7789 208.1134
219.0477 205.8169 220.4073 206.2168 218.8315 207.2175
220.4073 206.2168 221.4262 204.6528 222.2682 206.3152
222.2476 210.2775 221.7789 208.1134 223.7778 210.2765
220.9428 209.4781 220.9438 211.0785 218.7426 210.4770
236.8369 203.7355 236.3693 201.7164 237.9756 203.2082
221.7789 208.1134 222.2476 210.2775 220.9428 209.4781
230.2591 205.8834 228.6976 204.8854 230.7227 204.4734
225.3062 205.8955 226.7971 206.4169 225.8121 207.6289
223.9058 214.7613 222.9154 215.8153 222.8952 213.7266
223.7778 210.2765 222.2485 211.7405 222.2476 210.2775
223.8244 211.8559 222.8952 213.7266 222.2485 211.7405
219.4587 214.6745 220.6649 213.5721 221.7015 214.7826
217.8623 211.5773 216.5427 211.0832 218.7426 210.4770
217.4668 207.4814 219.0477 205.8169 218.8315 207.2175
221.4262 204.6528 220.1472 204.9334 220.8212 202.9318
223.5064 204.6437 221.4262 204.6528 222.4623 203.7284
221.7789 208.1134 222.9625 207.4698 223.7778 210.2765
223.5064 204.6437 222.2682 206.3152 221.4262 204.6528
225.3062 205.8955 224.7436 204.7846 226.8374 204.8380
229.9048 203.2348 227.8146 203.0120 229.0726 201.3668
222.2682 206.3152 223.5064 204.6437 223.7935 206.1507
223.5064 204.6437 224.7436 204.7846 223.7935 206.1507
223.7778 210.2765 222.9625 207.4698 224.2625 207.8235
222.4623 203.7284 222.4292 201.8216 223.9064 203.0279
223.9064 203.0279 224.7436 204.7846 223.5064 204.6437
219.4587 214.6745 218.2367 212.9357 220.6649 213.5721
216.5427 211.0832 216.8854 213.1373 215.6698 212.5137
216.8854 213.1373 218.2367 212.9357 218.0399 215.4853
225.1981 199.9912 223.8745 200.7981 224.4923 198.6111
222.4623 203.7284 223.9064 203.0279 223.5064 204.6437
226.8374 204.8380 227.8146 203.0120 228.6976 204.8854
233.8932 204.1106 234.7649 201.9210 235.7896 203.0443
219.5309 211.9207 217.8623 211.5773 218.7426 210.4770
216.8854 213.1373 217.8623 211.5773 218.2367 212.9357
220.6649 213.5721 219.5309 211.9207 220.9438 211.0785
217.8623 211.5773 219.5309 211.9207 218.2367 212.9357
222.4292 201.8216 221.2615 200.5694 222.3384 199.9167
220.8212 202.9318 220.1846 201.2222 222.4292 201.8216
222.4623 203.7284 221.4262 204.6528 220.8212 202.9318
223.9064 203.0279 225.3621 203.7038 224.7436 204.7846
220.4073 206.2168 220.1472 204.9334 221.4262 204.6528
225.4608 201.5857 223.8745 200.7981 225.1981 199.9912
224.2625 207.8235 223.7935 206.1507 225.3062 205.8955
222.9625 207.4698 222.2682 206.3152 223.7935 206.1507
226.8374 204.8380 224.7436 204.7846 225.3621 203.7038
223.7935 206.1507 224.7436 204.7846 225.3062 205.8955
231.8445 203.3786 231.9957 205.2366 230.7227 204.4734
242.0599 206.3865 240.8245 204.8493 242.6890 204.5173
227.4249 201.4001 227.8146 203.0120 226.4002 202.6908
222.4292 201.8216 223.8745 200.7981 223.9064 203.0279
220.8212 202.9318 222.4292 201.8216 222.4623 203.7284
223.8745 200.7981 222.4292 201.8216 222.3384 199.9167
217.8090 205.1283 218.0307 202.5278 219.2670 203.9640
220.1846 201.2222 220.8212 202.9318 219.1077 201.8750
219.1077 201.8750 219.2670 203.9640 218.0307 202.5278
222.4292 201.8216 220.1846 201.2222 221.2615 200.5694
224.4923 198.6111 223.8745 200.7981 222.3384 199.9167
223.9064 203.0279 223.8745 200.7981 225.4608 201.5857
219.0477 205.8169 220.1472 204.9334 220.4073 206.2168
220.8212 202.9318 220.1472 204.9334 219.2670 203.9640
225.3621 203.7038 225.4608 201.5857 226.4002 202.6908
226.7971 206.4169 226.8374 204.8380 228.6976 204.8854
226.4002 202.6908 226.8374 204.8380 225.3621 203.7038
226.7454 199.8988 228.0394 199.1915 227.4249 201.4001
240.4238 200.6009 240.6702 199.2816 242.2116 198.8975
236.4781 198.8295 235.9940 200.3170 234.9142 198.8673
234.7649 201.9210 235.9940 200.3170 236.3693 201.7164
231.1284 201.5703 231.8445 203.3786 229.9048 203.2348
237.8696 199.3884 237.7326 197.8951 239.2384 198.5099
236.4781 198.8295 235.6644 197.5349 237.7326 197.8951
242.6496 201.4086 244.6424 201.1605 243.4527 202.4844
243.4527 202.4844 241.2768 203.2554 242.6496 201.4086
231.8445 203.3786 233.2486 202.0327 233.8932 204.1106
240.6702 199.2816 239.1576 200.1561 239.2384 198.5099
238.5369 204.6251 237.9756 203.2082 239.6538 203.5882
241.2768 203.2554 239.3994 201.8865 241.3207 201.5992
244.6424 201.1605 246.3815 200.9006 245.7603 202.5456
228.6176 206.7312 228.6976 204.8854 230.2591 205.8834
240.8245 204.8493 241.2768 203.2554 242.6890 204.5173
237.3390 208.9658 239.1222 207.9629 238.8386 209.4104
243.4527 202.4844 245.7603 202.5456 244.5610 204.2307
236.4781 198.8295 237.8696 199.3884 235.9940 200.3170
237.9756 203.2082 237.6507 201.0402 239.3994 201.8865
238.5369 204.6251 236.5215 204.9500 236.8369 203.7355
239.3994 201.8865 237.6507 201.0402 239.1576 200.1561
238.8542 196.6159 239.2384 198.5099 237.7326 197.8951
231.3574 208.7883 230.0693 207.6116 231.6795 207.0736
240.8245 204.8493 238.5369 204.6251 239.6538 203.5882
236.4781 198.8295 237.7326 197.8951 237.8696 199.3884
228.7562 219.5573 229.6909 217.7251 230.7995 219.3220
244.5610 204.2307 242.6890 204.5173 243.4527 202.4844
228.4195 218.2310 229.6909 217.7251 228.7562 219.5573
234.3459 205.6486 231.9957 205.2366 233.8932 204.1106
234.7649 201.9210 236.3693 201.7164 235.7896 203.0443
225.9762 198.6297 225.1981 199.9912 224.4923 198.6111
225.4608 201.5857 225.1981 199.9912 226.7454 199.8988
227.4249 201.4001 225.4608 201.5857 226.7454 199.8988
226.8374 204.8380 226.4002 202.6908 227.8146 203.0120
235.9940 200.3170 237.6507 201.0402 236.3693 201.7164
239.6538 203.5882 241.2768 203.2554 240.8245 204.8493
239.6538 203.5882 237.9756 203.2082 239.3994 201.8865
236.8369 203.7355 236.5215 204.9500 235.2689 204.3377
233.8932 204.1106 233.2486 202.0327 234.7649 201.9210
237.6507 201.0402 237.8696 199.3884 239.1576 200.1561
227.8146 203.0120 229.9048 203.2348 228.6976 204.8854
229.9048 203.2348 229.0726 201.3668 231.1284 201.5703
233.8932 204.1106 235.7896 203.0443 235.2689 204.3377
228.6176 206.7312 226.7971 206.4169 228.6976 204.8854
230.6732 199.8782 229.0726 201.3668 229.4146 198.6591
231.1284 201.5703 232.4764 200.0048 233.2486 202.0327
232.4764 200.0048 230.6732 199.8782 231.0655 198.1704
229.0726 201.3668 230.6732 199.8782 231.1284 201.5703
233.2486 202.0327 231.8445 203.3786 231.1284 201.5703
234.7649 201.9210 233.2486 202.0327 234.1968 200.5107
237.9756 203.2082 236.3693 201.7164 237.6507 201.0402
236.5215 204.9500 238.2003 206.1115 236.4654 206.8250
234.9142 198.8673 234.1968 200.5107 232.4764 200.0048
239.3994 201.8865 239.1576 200.1561 240.4238 200.6009
227.3327 210.6763 229.0913 210.9381 228.3760 212.8500
240.5351 196.8783 240.6702 199.2816 239.2384 198.5099
241.2768 203.2554 239.6538 203.5882 239.3994 201.8865
240.8245 204.8493 239.8525 206.1875 238.5369 204.6251
235.9940 200.3170 234.7649 201.9210 234.1968 200.5107
238.5369 204.6251 238.2003 206.1115 236.5215 204.9500
233.2486 202.0327 232.4764 200.0048 234.1968 200.5107
239.1576 200.1561 237.8696 199.3884 239.2384 198.5099
235.2689 204.3377 234.3459 205.6486 233.8932 204.1106
233.1807 206.6755 231.9957 205.2366 234.3459 205.6486
239.3994 201.8865 240.4238 200.6009 241.3207 201.5992
237.6507 201.0402 235.9940 200.3170 237.8696 199.3884
225.3475 216.3151 226.9569 215.1281 226.6598 216.4098
227.3327 210.6763 225.5796 211.2694 225.8531 209.1902
243.1644 200.1686 241.3207 201.5992 240.4238 200.6009
244.9408 196.8992 245.0983 199.3077 243.5476 197.8667
242.2816 208.1483 241.0734 209.1952 240.5694 207.6780
238.8386 209.4104 237.5401 210.8387 237.3390 208.9658
236.3693 201.7164 236.8369 203.7355 235.7896 203.0443
238.5369 204.6251 236.8369 203.7355 237.9756 203.2082
236.8369 203.7355 235.2689 204.3377 235.7896 203.0443
234.3459 205.6486 235.2689 204.3377 235.6141 205.8612
235.8496 208.3985 234.6330 207.2259 236.4654 206.8250
231.6795 207.0736 233.1807 206.6755 233.0499 209.2116
235.6141 205.8612 235.2689 204.3377 236.5215 204.9500
233.1807 206.6755 234.3459 205.6486 234.6330 207.2259
233.0499 209.2116 233.1807 206.6755 234.6330 207.2259
233.1807 206.6755 231.6795 207.0736 231.9957 205.2366
234.3459 205.6486 235.6141 205.8612 234.6330 207.2259
234.8275 211.0181 236.2108 210.0491 235.9217 212.0494
230.2591 205.8834 231.9957 205.2366 231.6795 207.0736
233.8932 204.1106 231.9957 205.2366 231.8445 203.3786
230.0693 207.6116 228.6176 206.7312 230.2591 205.8834
230.7227 204.4734 228.6976 204.8854 229.9048 203.2348
233.0499 209.2116 234.6586 209.5239 233.4274 211.5666
229.0913 210.9381 228.9501 208.8883 230.1844 209.5768
230.0693 207.6116 230.2591 205.8834 231.6795 207.0736
228.6176 206.7312 228.9501 208.8883 227.3363 208.3700
231.8445 203.3786 230.7227 204.4734 229.9048 203.2348
231.9957 205.2366 230.2591 205.8834 230.7227 204.4734
225.8531 209.1902 225.0279 210.1392 224.2625 207.8235
223.9058 214.7613 224.9171 212.9973 225.3460 214.6285
241.3207 201.5992 243.1644 200.1686 242.6496 201.4086
244.6424 201.1605 242.6496 201.4086 243.1644 200.1686
249.1038 197.9314 248.1814 198.9894 246.4481 197.6770
243.4527 202.4844 244.6424 201.1605 245.7603 202.5456
243.8470 199.0994 244.6424 201.1605 243.1644 200.1686
246.4481 197.6770 246.8120 199.2970 245.0983 199.3077
244.5610 204.2307 245.7603 202.5456 246.4120 204.2787
241.0734 209.1952 238.8386 209.4104 239.1222 207.9629
243.4527 202.4844 242.6890 204.5173 241.2768 203.2554
240.5694 207.6780 242.0599 206.3865 242.2816 208.1483
237.7381 207.4535 237.3390 208.9658 235.8496 208.3985
242.0599 206.3865 242.6890 204.5173 243.5624 205.8517
236.5215 204.9500 236.4654 206.8250 235.6141 205.8612
234.6330 207.2259 235.6141 205.8612 236.4654 206.8250
244.5610 204.2307 243.5624 205.8517 242.6890 204.5173
245.3728 208.1543 246.2283 209.3277 244.4850 209.2005
235.9217 212.0494 236.2108 210.0491 237.5401 210.8387
235.8496 208.3985 234.6586 209.5239 234.6330 207.2259
237.7381 207.4535 236.4654 206.8250 238.2003 206.1115
234.6586 209.5239 235.8496 208.3985 236.2108 210.0491
238.2003 206.1115 239.8525 206.1875 239.1222 207.9629
242.0599 206.3865 240.5694 207.6780 239.8525 206.1875
242.7772 210.4922 240.6499 210.7368 241.0734 209.1952
234.6330 207.2259 234.6586 209.5239 233.0499 209.2116
237.0715 215.4690 237.0591 217.0621 234.7248 216.2474
226.9569 215.1281 228.6914 214.2237 228.5624 216.1756
232.2930 214.8029 232.2505 217.1315 230.6094 215.8705
232.0891 211.3857 233.4274 211.5666 231.7664 212.6970
237.7381 207.4535 235.8496 208.3985 236.4654 206.8250
245.3728 208.1543 243.3499 207.2386 244.7222 206.9463
243.3499 207.2386 243.5624 205.8517 244.7222 206.9463
243.5624 205.8517 244.5610 204.2307 244.9692 205.5691
243.0963 212.8710 241.8530 211.8270 242.7772 210.4922
237.5401 210.8387 238.1406 212.2634 236.9684 212.8075
235.2935 213.2728 235.2104 214.8260 234.0537 213.8679
239.1222 207.9629 239.8525 206.1875 240.5694 207.6780
242.2816 208.1483 243.1362 209.1920 241.0734 209.1952
242.0599 206.3865 243.5624 205.8517 243.3499 207.2386
246.4120 204.2787 246.2783 206.0631 244.9692 205.5691
242.0599 206.3865 243.3499 207.2386 242.2816 208.1483
245.3728 208.1543 244.4850 209.2005 243.3499 207.2386
243.1362 209.1920 244.4850 209.2005 244.8053 210.4999
243.3499 207.2386 244.4850 209.2005 243.1362 209.1920
241.0734 209.1952 243.1362 209.1920 242.7772 210.4922
241.0734 209.1952 240.6499 210.7368 238.8386 209.4104
242.7772 210.4922 241.8530 211.8270 240.6499 210.7368
239.0796 210.9812 238.8386 209.4104 240.6499 210.7368
238.8386 209.4104 239.0796 210.9812 237.5401 210.8387
231.3574 208.7883 231.6795 207.0736 233.0499 209.2116
228.9501 208.8883 228.6176 206.7312 230.0693 207.6116
233.0499 209.2116 233.4274 211.5666 232.0891 211.3857
230.0693 207.6116 231.3574 208.7883 230.1844 209.5768
243.8470 199.0994 243.1644 200.1686 242.2116 198.8975
243.5476 197.8667 245.0983 199.3077 243.8470 199.0994
248.0635 200.3881 246.8120 199.2970 248.1814 198.9894
248.0445 202.6758 249.5483 203.1077 247.7445 204.0030
245.0983 199.3077 246.3815 200.9006 244.6424 201.1605
248.0445 202.6758 246.3815 200.9006 248.0635 200.3881
248.0635 200.3881 246.3815 200.9006 246.8120 199.2970
245.0983 199.3077 246.8120 199.2970 246.3815 200.9006
247.0853 194.0287 247.4138 195.9658 245.6066 195.1949
249.1038 197.9314 250.5450 198.3853 250.2581 199.8689
246.4481 197.6770 248.1814 198.9894 246.8120 199.2970
250.2581 199.8689 248.1814 198.9894 249.1038 197.9314
248.8038 196.4800 250.7213 195.2855 250.2479 196.8135
245.7603 202.5456 248.0445 202.6758 247.7445 204.0030
247.9205 205.3523 246.4120 204.2787 247.7445 204.0030
248.1482 207.1542 246.8709 207.9607 246.2783 206.0631
246.1149 210.7754 246.2283 209.3277 247.6242 209.7277
243.3499 207.2386 243.1362 209.1920 242.2816 208.1483
244.8053 210.4999 244.4850 209.2005 246.2283 209.3277
243.1362 209.1920 244.8053 210.4999 242.7772 210.4922
243.0963 212.8710 242.7772 210.4922 244.6056 211.8232
236.9684 212.8075 238.8662 213.7891 236.4627 213.9968
238.2003 206.1115 239.1222 207.9629 237.7381 207.4535
241.0734 209.1952 239.1222 207.9629 240.5694 207.6780
240.0615 212.5952 240.6499 210.7368 241.8530 211.8270
240.0615 212.5952 238.8662 213.7891 238.1406 212.2634
235.8496 208.3985 237.3390 208.9658 236.2108 210.0491
239.1222 207.9629 237.3390 208.9658 237.7381 207.4535
253.2342 198.2528 254.3410 196.8409 254.7629 198.1569
253.0753 200.4748 252.6323 201.9606 251.5569 200.7880
245.7603 202.5456 246.3815 200.9006 248.0445 202.6758
246.2783 206.0631 246.4120 204.2787 247.9205 205.3523
250.2581 199.8689 249.4957 201.5439 248.0635 200.3881
250.9944 202.2763 250.5305 204.3257 249.5483 203.1077
246.2783 206.0631 247.9205 205.3523 248.1482 207.1542
244.9692 205.5691 246.2783 206.0631 244.7222 206.9463
245.7603 202.5456 247.7445 204.0030 246.4120 204.2787
247.9205 205.3523 247.7445 204.0030 250.5305 204.3257
248.1482 207.1542 249.6525 206.0488 250.7765 207.5393
247.9205 205.3523 250.5305 204.3257 249.6525 206.0488
248.0635 200.3881 249.4957 201.5439 248.0445 202.6758
243.5624 205.8517 244.9692 205.5691 244.7222 206.9463
246.4120 204.2787 244.9692 205.5691 244.5610 204.2307
246.2783 206.0631 245.3728 208.1543 244.7222 206.9463
240.0615 212.5952 240.0777 214.9666 238.8662 213.7891
238.1406 212.2634 239.0796 210.9812 240.0615 212.5952
241.8530 211.8270 243.0963 212.8710 241.5870 213.9188
241.8530 211.8270 241.5870 213.9188 240.0615 212.5952
240.0777 214.9666 240.0615 212.5952 241.5870 213.9188
233.4274 211.5666 234.8275 211.0181 235.2935 213.2728
238.8662 213.7891 240.0777 214.9666 238.5684 216.0144
238.5684 216.0144 237.0715 215.4690 238.8662 213.7891
237.0591 217.0621 237.0715 215.4690 238.5684 216.0144
246.1149 210.7754 244.6056 211.8232 244.8053 210.4999
238.8662 213.7891 237.0715 215.4690 236.4627 213.9968
232.5311 220.2055 232.5711 218.6520 234.0405 219.1577
234.7248 216.2474 235.2104 214.8260 237.0715 215.4690
242.7772 210.4922 244.8053 210.4999 244.6056 211.8232
232.2930 214.8029 233.6653 215.2618 232.2505 217.1315
232.5711 218.6520 230.7995 219.3220 231.0889 217.9379
233.8008 217.5657 235.5498 218.1099 234.0405 219.1577
240.0615 212.5952 239.0796 210.9812 240.6499 210.7368
237.5401 210.8387 239.0796 210.9812 238.1406 212.2634
237.5401 210.8387 236.9684 212.8075 235.9217 212.0494
237.3390 208.9658 237.5401 210.8387 236.2108 210.0491
235.9217 212.0494 236.9684 212.8075 235.2935 213.2728
234.6586 209.5239 234.8275 211.0181 233.4274 211.5666
250.2479 196.8135 250.5450 198.3853 249.1038 197.9314
250.5450 198.3853 251.8431 197.6119 252.0269 199.2294
251.5569 200.7880 250.9944 202.2763 249.4957 201.5439
249.5483 203.1077 249.4957 201.5439 250.9944 202.2763
252.6323 201.9606 250.9944 202.2763 251.5569 200.7880
254.0623 205.2583 253.9973 203.4110 255.7052 204.1177
247.7445 204.0030 249.5483 203.1077 250.5305 204.3257
248.0445 202.6758 249.4957 201.5439 249.5483 203.1077
251.5569 200.7880 249.4957 201.5439 250.2581 199.8689
250.9944 202.2763 252.6323 201.9606 252.4020 204.3920
252.0269 199.2294 250.2581 199.8689 250.5450 198.3853
252.0269 199.2294 254.2180 199.4268 253.0753 200.4748
251.8377 196.1808 254.3410 196.8409 251.8431 197.6119
252.6323 201.9606 253.0753 200.4748 254.9984 201.8572
252.0269 199.2294 253.0753 200.4748 251.5569 200.7880
257.6283 197.7656 257.5354 200.0603 256.2995 199.5588
252.0269 199.2294 251.5569 200.7880 250.2581 199.8689
252.0269 199.2294 251.8431 197.6119 253.2342 198.2528
256.2995 199.5588 256.4819 201.2623 255.2850 200.4247
256.4819 201.2623 258.9911 201.8367 257.3481 202.9772
238.8662 213.7891 236.9684 212.8075 238.1406 212.2634
235.2935 213.2728 236.9684 212.8075 236.4627 213.9968
235.2104 214.8260 235.2935 213.2728 236.4627 213.9968
233.4274 211.5666 235.2935 213.2728 234.0537 213.8679
227.7137 221.3208 229.5125 222.3011 228.0032 223.3488
226.7520 219.5624 224.9168 219.6328 225.7510 218.2737
231.0218 221.2533 230.7995 219.3220 232.5311 220.2055
229.5911 220.8033 228.7562 219.5573 230.7995 219.3220
230.6094 215.8705 232.2505 217.1315 231.0889 217.9379
230.7995 219.3220 229.6909 217.7251 231.0889 217.9379
226.7520 219.5624 228.7562 219.5573 227.7137 221.3208
228.5624 216.1756 227.2006 217.6092 226.6598 216.4098
228.5624 216.1756 229.6909 217.7251 228.4195 218.2310
232.2505 217.1315 233.6653 215.2618 233.8008 217.5657
229.5911 220.8033 230.7995 219.3220 231.0218 221.2533
227.7137 221.3208 226.7887 222.4875 226.0009 221.1153
230.6094 215.8705 231.0889 217.9379 229.6909 217.7251
231.0889 217.9379 232.2505 217.1315 232.5711 218.6520
232.5711 218.6520 232.5311 220.2055 230.7995 219.3220
233.8008 217.5657 232.5711 218.6520 232.2505 217.1315
229.5911 220.8033 227.7137 221.3208 228.7562 219.5573
226.4939 224.3966 225.3147 222.6980 226.7887 222.4875
228.4195 218.2310 226.7520 219.5624 227.2006 217.6092
231.0218 221.2533 229.5125 222.3011 229.5911 220.8033
227.7137 221.3208 229.5911 220.8033 229.5125 222.3011
226.7520 219.5624 228.4195 218.2310 228.7562 219.5573
228.5624 216.1756 228.4195 218.2310 227.2006 217.6092
227.7137 221.3208 228.0032 223.3488 226.7887 222.4875
227.7137 221.3208 226.0009 221.1153 226.7520 219.5624
222.4105 222.0333 224.4888 221.3998 222.7850 223.3955
225.7510 218.2737 224.9168 219.6328 224.1903 217.9460
221.2143 218.5106 220.3402 217.3959 221.9098 217.0651
225.3475 216.3151 226.6598 216.4098 225.7510 218.2737
226.0009 221.1153 225.3147 222.6980 224.4888 221.3998
226.7520 219.5624 226.0009 221.1153 224.9168 219.6328
224.4888 221.3998 224.9168 219.6328 226.0009 221.1153
222.8609 219.0641 224.9168 219.6328 223.0772 220.7877
224.4888 221.3998 225.3147 222.6980 224.2995 223.9522
224.9168 219.6328 224.4888 221.3998 223.0772 220.7877
225.7510 218.2737 224.1903 217.9460 225.3475 216.3151
226.7520 219.5624 225.7510 218.2737 227.2006 217.6092
221.9098 217.0651 224.1903 217.9460 222.8609 219.0641
226.9825 213.0618 225.3460 214.6285 224.9171 212.9973
226.6598 216.4098 226.9569 215.1281 228.5624 216.1756
225.7510 218.2737 226.6598 216.4098 227.2006 217.6092
226.9569 215.1281 226.9825 213.0618 228.6914 214.2237
229.6909 217.7251 228.5624 216.1756 230.6094 215.8705
221.8267 212.9762 221.7015 214.7826 220.6649 213.5721
221.8267 212.9762 222.8952 213.7266 221.7015 214.7826
220.4380 215.9827 221.9098 217.0651 220.3402 217.3959
221.9098 217.0651 222.9154 215.8153 224.0215 216.6002
224.9171 212.9973 222.8952 213.7266 223.8244 211.8559
222.8952 213.7266 222.9154 215.8153 221.7015 214.7826
226.9569 215.1281 225.3475 216.3151 225.3460 214.6285
224.0215 216.6002 223.9058 214.7613 225.3475 216.3151
228.9501 208.8883 230.0693 207.6116 230.1844 209.5768
232.7649 213.5661 232.2930 214.8029 231.7664 212.6970
228.6914 214.2237 230.6094 215.8705 228.5624 216.1756
230.6094 215.8705 228.6914 214.2237 230.4019 214.1718
221.9098 217.0651 224.0215 216.6002 224.1903 217.9460
224.0215 216.6002 222.9154 215.8153 223.9058 214.7613
226.9569 215.1281 225.3460 214.6285 226.9825 213.0618
228.6914 214.2237 229.7603 212.5853 230.4019 214.1718
223.8244 211.8559 225.5796 211.2694 224.9171 212.9973
229.7603 212.5853 228.6914 214.2237 228.3760 212.8500
231.7664 212.6970 230.4019 214.1718 229.7603 212.5853
232.2930 214.8029 230.4019 214.1718 231.7664 212.6970
228.6914 214.2237 226.9825 213.0618 228.3760 212.8500
228.3760 212.8500 226.9825 213.0618 227.3327 210.6763
225.5796 211.2694 226.9825 213.0618 224.9171 212.9973
225.0279 210.1392 225.5796 211.2694 223.8244 211.8559
225.0279 210.1392 223.8244 211.8559 223.7778 210.2765
226.9825 213.0618 225.5796 211.2694 227.3327 210.6763
230.8650 210.8155 231.7664 212.6970 229.7603 212.5853
232.7649 213.5661 233.4274 211.5666 234.0537 213.8679
232.7649 213.5661 233.6653 215.2618 232.2930 214.8029
230.6094 215.8705 230.4019 214.1718 232.2930 214.8029
224.2625 207.8235 225.8121 207.6289 225.8531 209.1902
227.3363 208.3700 228.9501 208.8883 227.3327 210.6763
233.4274 211.5666 232.7649 213.5661 231.7664 212.6970
233.6653 215.2618 232.7649 213.5661 234.0537 213.8679
235.2104 214.8260 233.6653 215.2618 234.0537 213.8679
233.6653 215.2618 234.7248 216.2474 233.8008 217.5657
226.4939 224.3966 224.9846 225.4444 224.2995 223.9522
226.0009 221.1153 226.7887 222.4875 225.3147 222.6980
226.7887 222.4875 228.0032 223.3488 226.4939 224.3966
221.9098 217.0651 221.7015 214.7826 222.9154 215.8153
219.4587 214.6745 221.7015 214.7826 220.4380 215.9827
220.9438 211.0785 221.8267 212.9762 220.6649 213.5721
222.2485 211.7405 222.8952 213.7266 221.8267 212.9762
224.9171 212.9973 223.9058 214.7613 222.8952 213.7266
223.9058 214.7613 225.3460 214.6285 225.3475 216.3151
230.8650 210.8155 229.7603 212.5853 229.0913 210.9381
230.8650 210.8155 231.3574 208.7883 233.0499 209.2116
224.2625 207.8235 225.0279 210.1392 223.7778 210.2765
225.8531 209.1902 225.5796 211.2694 225.0279 210.1392
225.3062 205.8955 225.8121 207.6289 224.2625 207.8235
226.7971 206.4169 228.6176 206.7312 227.3363 208.3700
225.8531 209.1902 225.8121 207.6289 227.3363 208.3700
227.3363 208.3700 225.8121 207.6289 226.7971 206.4169
228.3760 212.8500 229.0913 210.9381 229.7603 212.5853
228.9501 208.8883 229.0913 210.9381 227.3327 210.6763
231.3574 208.7883 230.8650 210.8155 230.1844 209.5768
229.0913 210.9381 230.1844 209.5768 230.8650 210.8155
231.7664 212.6970 230.8650 210.8155 232.0891 211.3857
233.0499 209.2116 232.0891 211.3857 230.8650 210.8155
224.4888 221.3998 224.2995 223.9522 222.7850 223.3955
226.4939 224.3966 224.2995 223.9522 225.3147 222.6980
235.6644 197.5349 237.2853 195.9179 237.7326 197.8951
236.0122 194.5310 237.2853 195.9179 235.2377 196.0666
236.0122 194.5310 237.6193 193.9185 237.2853 195.9179
239.0533 194.9262 238.8542 196.6159 237.2853 195.9179
236.0122 194.5310 235.2377 196.0666 233.4920 194.8555
236.2476 192.8273 237.6193 193.9185 236.0122 194.5310
228.0394 199.1915 225.9762 198.6297 226.6462 197.3056
225.1981 199.9912 225.9762 198.6297 226.7454 199.8988
238.8542 196.6159 240.6777 195.2316 240.5351 196.8783
240.1584 192.7387 240.6777 195.2316 239.0533 194.9262
249.0136 194.5007 248.3472 192.6307 250.6703 193.4068
247.4138 195.9658 246.4481 197.6770 245.6066 195.1949
251.9192 193.8119 250.7213 195.2855 250.6703 193.4068
248.8038 196.4800 246.4481 197.6770 247.4138 195.9658
247.0853 194.0287 249.0136 194.5007 247.4138 195.9658
250.7213 195.2855 248.8038 196.4800 249.0136 194.5007
252.5708 194.9518 251.8377 196.1808 250.7213 195.2855
251.8431 197.6119 250.5450 198.3853 250.2479 196.8135
250.2479 196.8135 249.1038 197.9314 248.8038 196.4800
250.2479 196.8135 250.7213 195.2855 251.8377 196.1808
246.4481 197.6770 248.8038 196.4800 249.1038 197.9314
249.0136 194.5007 248.8038 196.4800 247.4138 195.9658
252.5708 194.9518 253.7298 195.6397 251.8377 196.1808
250.2479 196.8135 251.8377 196.1808 251.8431 197.6119
252.5708 194.9518 253.1158 193.2714 254.7133 194.7181
256.5883 194.7237 255.6854 196.0167 254.7133 194.7181
256.7231 193.0625 258.0417 195.0081 256.5883 194.7237
256.5883 194.7237 254.7133 194.7181 255.4231 193.5321
251.8377 196.1808 253.7298 195.6397 254.3410 196.8409
252.5708 194.9518 254.7133 194.7181 253.7298 195.6397
253.1158 193.2714 255.4231 193.5321 254.7133 194.7181
257.2441 196.2560 256.5883 194.7237 258.0417 195.0081
259.5776 197.7962 261.0784 199.0785 260.0656 199.8774
254.6462 192.3889 256.7231 193.0625 255.4231 193.5321
256.5883 194.7237 255.4231 193.5321 256.7231 193.0625
258.0417 195.0081 256.7231 193.0625 258.8000 193.7361
256.5883 194.7237 257.2441 196.2560 255.6854 196.0167
259.5603 195.1878 260.8769 194.4097 260.4732 196.3659
255.6854 196.0167 257.2441 196.2560 256.1427 198.2343
255.6854 196.0167 254.3410 196.8409 253.7298 195.6397
259.5776 197.7962 260.4732 196.3659 260.8936 197.8019
257.6283 197.7656 256.2995 199.5588 256.1427 198.2343
256.2995 199.5588 254.7629 198.1569 256.1427 198.2343
253.2342 198.2528 254.7629 198.1569 254.2180 199.4268
255.6854 196.0167 254.7629 198.1569 254.3410 196.8409
252.0269 199.2294 253.2342 198.2528 254.2180 199.4268
254.3410 196.8409 253.2342 198.2528 251.8431 197.6119
259.5603 195.1878 259.0033 196.6120 258.0417 195.0081
253.9973 203.4110 254.9984 201.8572 255.9977 202.7855
256.4819 201.2623 257.3481 202.9772 255.9977 202.7855
257.6283 197.7656 256.1427 198.2343 257.2441 196.2560
259.0033 196.6120 257.6283 197.7656 257.2441 196.2560
258.0417 195.0081 259.0033 196.6120 257.2441 196.2560
262.9538 195.0833 261.9599 196.4700 260.8769 194.4097
261.0784 199.0785 260.8936 197.8019 262.8208 198.0034
259.5776 197.7962 259.0033 196.6120 260.4732 196.3659
251.1020 205.7021 249.6525 206.0488 250.5305 204.3257
252.6323 201.9606 253.9973 203.4110 252.4020 204.3920
252.4020 204.3920 253.9973 203.4110 254.0623 205.2583
252.6323 201.9606 254.9984 201.8572 253.9973 203.4110
252.4194 206.3988 252.4020 204.3920 254.0623 205.2583
252.4020 204.3920 250.5305 204.3257 250.9944 202.2763
255.7052 204.1177 255.9977 202.7855 257.3481 202.9772
253.9973 203.4110 255.9977 202.7855 255.7052 204.1177
256.4819 201.2623 255.9977 202.7855 254.9984 201.8572
255.2850 200.4247 256.4819 201.2623 254.9984 201.8572
256.4819 201.2623 257.5354 200.0603 258.9911 201.8367
253.0753 200.4748 255.2850 200.4247 254.9984 201.8572
254.2180 199.4268 254.7629 198.1569 256.2995 199.5588
263.7732 198.9945 264.4106 197.5818 265.0600 199.4780
267.4566 196.5438 266.2942 198.0402 266.1521 196.7301
264.4106 197.5818 263.4341 196.4772 265.2052 195.8136
262.8208 198.0034 262.2769 199.5556 261.0784 199.0785
261.9599 196.4700 263.4341 196.4772 262.8208 198.0034
262.2769 199.5556 263.7732 198.9945 263.2467 200.2643
264.4106 197.5818 263.7732 198.9945 262.8208 198.0034
262.2769 199.5556 258.9911 201.8367 260.0656 199.8774
258.8373 200.4781 260.0656 199.8774 258.9911 201.8367
256.4819 201.2623 256.2995 199.5588 257.5354 200.0603
254.2180 199.4268 256.2995 199.5588 255.2850 200.4247
260.4732 196.3659 260.8769 194.4097 261.9599 196.4700
262.2769 199.5556 260.0656 199.8774 261.0784 199.0785
259.5776 197.7962 260.0656 199.8774 258.8095 198.8648
258.9911 201.8367 257.5354 200.0603 258.8373 200.4781
258.8095 198.8648 257.5354 200.0603 257.6283 197.7656
257.6283 197.7656 259.0033 196.6120 259.5776 197.7962
260.0656 199.8774 258.8373 200.4781 258.8095 198.8648
261.0784 199.0785 259.5776 197.7962 260.8936 197.8019
257.6283 197.7656 259.5776 197.7962 258.8095 198.8648
222.8609 219.0641 221.4017 220.2578 221.2143 218.5106
221.4017 220.2578 223.0772 220.7877 222.4105 222.0333
224.4888 221.3998 222.4105 222.0333 223.0772 220.7877
260.8936 197.8019 260.4732 196.3659 261.9599 196.4700
259.0033 196.6120 259.5603 195.1878 260.4732 196.3659
220.4380 215.9827 218.0399 215.4853 219.4587 214.6745
218.2367 212.9357 219.4587 214.6745 218.0399 215.4853
227.8146 203.0120 227.4249 201.4001 229.0726 201.3668
225.4608 201.5857 227.4249 201.4001 226.4002 202.6908
239.2384 198.5099 238.8542 196.6159 240.5351 196.8783
237.2853 195.9179 238.8542 196.6159 237.7326 197.8951
242.2116 198.8975 242.0599 197.3161 243.5476 197.8667
240.4238 200.6009 242.2116 198.8975 243.1644 200.1686
251.1020 205.7021 250.7765 207.5393 249.6525 206.0488
246.2283 209.3277 246.8709 207.9607 247.6242 209.7277
249.1336 208.6799 248.1482 207.1542 250.7765 207.5393
251.1020 205.7021 252.4020 204.3920 252.4194 206.3988
246.2283 209.3277 246.1149 210.7754 244.8053 210.4999
246.8709 207.9607 246.2283 209.3277 245.3728 208.1543
246.2783 206.0631 246.8709 207.9607 245.3728 208.1543
246.8709 207.9607 248.1482 207.1542 249.1336 208.6799
237.0715 215.4690 235.2104 214.8260 236.4627 213.9968
233.6653 215.2618 235.2104 214.8260 234.7248 216.2474
236.2108 210.0491 234.8275 211.0181 234.6586 209.5239
235.2935 213.2728 234.8275 211.0181 235.9217 212.0494
235.5498 218.1099 233.8008 217.5657 234.7248 216.2474
232.5711 218.6520 233.8008 217.5657 234.0405 219.1577
248.1482 207.1542 247.9205 205.3523 249.6525 206.0488
252.4020 204.3920 251.1020 205.7021 250.5305 204.3257
250.7765 207.5393 251.1020 205.7021 252.4194 206.3988
238.5369 204.6251 239.8525 206.1875 238.2003 206.1115
242.0599 206.3865 239.8525 206.1875 240.8245 204.8493
221.9098 217.0651 222.8609 219.0641 221.2143 218.5106
224.9168 219.6328 222.8609 219.0641 224.1903 217.9460
