156.6633 73.5387 156.0834 75.7392 155.6923 73.7778
161.4424 76.1292 160.9655 77.7217 159.8036 76.1316
161.1077 72.4444 160.5538 73.1108 159.7538 72.7777
158.1497 74.6661 159.6441 74.1686 159.8036 76.1316
161.3538 72.7778 160.5538 73.1108 161.1077 72.4444
159.7538 72.7777 160.5538 73.1108 159.6441 74.1686
158.4000 73.1111 159.7538 72.7777 159.6441 74.1686
159.1003 78.4433 156.8000 79.3333 157.6613 78.1419
161.3538 72.7778 160.9846 74.5556 160.5538 73.1108
159.6441 74.1686 160.5538 73.1108 160.9846 74.5556
160.9846 74.5556 159.8036 76.1316 159.6441 74.1686
159.8036 76.1316 160.9846 74.5556 161.4424 76.1292
159.6441 74.1686 158.1497 74.6661 158.4000 73.1111
158.1497 74.6661 159.8036 76.1316 157.9131 76.2232
159.1003 78.4433 158.9041 77.1208 160.9655 77.7217
157.9131 76.2232 158.9041 77.1208 157.6613 78.1419
157.9131 76.2232 156.4089 77.3719 156.0834 75.7392
156.0834 75.7392 156.6633 73.5387 158.1497 74.6661
158.9041 77.1208 157.9131 76.2232 159.8036 76.1316
156.0834 75.7392 158.1497 74.6661 157.9131 76.2232
156.6633 73.5387 158.4000 73.1111 158.1497 74.6661
160.9846 74.5556 162.8308 77.0000 161.4424 76.1292
160.9655 77.7217 161.4424 76.1292 162.8308 77.0000
156.8000 79.3333 156.4089 77.3719 157.6613 78.1419
157.9131 76.2232 157.6613 78.1419 156.4089 77.3719
160.9655 77.7217 158.9041 77.1208 159.8036 76.1316
157.6613 78.1419 158.9041 77.1208 159.1003 78.4433
