125.4154 80.0000 125.4154 80.4444 124.2106 80.0837
124.4567 82.8574 124.9231 83.7778 124.4308 83.8889
125.5385 80.3333 125.4154 80.4444 125.4154 80.0000
125.2923 81.2777 124.2106 80.0837 125.4154 80.4444
122.8308 82.4444 124.4567 82.8574 123.3231 83.7778
123.9016 81.4981 124.2106 80.0837 125.2923 81.2777
124.4567 82.8574 125.1693 82.1111 124.9231 83.7778
122.5846 81.0000 123.9016 81.4981 122.8308 82.4444
123.9016 81.4981 125.2923 81.2777 125.1693 82.1111
122.5846 81.0000 122.2154 80.2222 124.2106 80.0837
123.3231 83.7778 124.4567 82.8574 124.4308 83.8889
123.9016 81.4981 124.4567 82.8574 122.8308 82.4444
123.9016 81.4981 125.1693 82.1111 124.4567 82.8574
124.2106 80.0837 123.9016 81.4981 122.5846 81.0000
