84.6357 64.4225 82.7077 64.2222 83.4462 62.8333
85.5319 68.8507 86.8363 68.0210 86.6447 69.9237
89.2923 76.0833 89.6000 77.5000 87.9881 77.1084
86.6447 69.9237 86.8363 68.0210 88.6154 68.7222
90.1920 85.6267 91.4462 86.5000 89.8462 87.0000
88.7470 80.1125 87.1923 79.6528 88.4660 78.6545
87.4055 75.7586 88.9846 74.6667 89.2923 76.0833
88.4154 83.8611 89.2918 82.0852 90.0319 83.5546
90.1920 85.6267 90.0319 83.5546 91.8082 84.8483
90.1920 85.6267 89.8462 87.0000 89.2308 86.6667
88.8231 85.2639 90.1920 85.6267 89.2308 86.6667
90.0319 83.5546 88.8231 85.2639 88.4154 83.8611
87.5845 72.1956 88.6229 73.2394 87.2804 74.2938
86.2689 71.4095 88.1330 70.1478 87.5845 72.1956
89.3538 71.0277 87.5845 72.1956 88.1330 70.1478
88.9846 74.6667 88.6229 73.2394 90.0923 73.3333
87.9881 77.1084 87.4055 75.7586 89.2923 76.0833
87.5845 72.1956 85.5616 74.0417 85.1539 72.6389
86.2689 71.4095 84.7462 71.2361 86.6447 69.9237
87.2804 74.2938 85.9693 75.4445 85.5616 74.0417
90.0319 83.5546 89.2918 82.0852 90.9231 81.7500
88.4660 78.6545 87.9881 77.1084 89.6000 77.5000
88.4660 78.6545 87.1923 79.6528 86.7846 78.2500
85.9693 75.4445 87.4055 75.7586 86.3769 76.8472
87.2804 74.2938 87.4055 75.7586 85.9693 75.4445
87.9881 77.1084 86.7846 78.2500 86.3769 76.8472
88.9846 74.6667 87.4055 75.7586 87.2804 74.2938
86.3769 76.8472 87.4055 75.7586 87.9881 77.1084
86.6447 69.9237 84.7462 71.2361 84.3385 69.8333
88.1330 70.1478 86.6447 69.9237 88.6154 68.7222
86.7846 78.2500 87.9881 77.1084 88.4660 78.6545
89.6000 77.5000 90.2154 80.3333 88.4660 78.6545
88.7470 80.1125 88.4660 78.6545 90.2154 80.3333
86.2566 65.6090 85.3157 67.0706 84.5365 65.8593
88.6154 68.7222 89.3538 71.0277 88.1330 70.1478
90.0923 73.3333 88.6229 73.2394 89.3538 71.0277
85.5616 74.0417 87.5845 72.1956 87.2804 74.2938
85.1539 72.6389 84.7462 71.2361 86.2689 71.4095
87.2804 74.2938 88.6229 73.2394 88.9846 74.6667
89.3538 71.0277 88.6229 73.2394 87.5845 72.1956
86.8363 68.0210 87.8769 66.4166 88.6154 68.7222
85.1539 72.6389 86.2689 71.4095 87.5845 72.1956
85.3157 67.0706 83.5231 67.0278 84.5365 65.8593
88.1330 70.1478 86.2689 71.4095 86.6447 69.9237
85.5319 68.8507 86.6447 69.9237 84.3385 69.8333
85.3157 67.0706 86.8363 68.0210 85.5319 68.8507
83.5231 67.0278 85.3157 67.0706 83.9308 68.4305
85.5319 68.8507 83.9308 68.4305 85.3157 67.0706
85.5319 68.8507 84.3385 69.8333 83.9308 68.4305
84.6357 64.4225 83.4462 62.8333 85.6616 62.7778
86.8363 68.0210 85.3157 67.0706 86.2566 65.6090
84.6357 64.4225 83.1154 65.6250 82.7077 64.2222
86.2566 65.6090 84.5365 65.8593 84.6357 64.4225
83.5231 67.0278 83.1154 65.6250 84.5365 65.8593
83.4462 62.8333 84.1846 61.4444 85.6616 62.7778
85.6616 62.7778 87.1385 64.1111 84.6357 64.4225
83.1154 65.6250 84.6357 64.4225 84.5365 65.8593
86.2566 65.6090 84.6357 64.4225 87.1385 64.1111
87.1385 64.1111 87.8769 66.4166 86.2566 65.6090
86.8363 68.0210 86.2566 65.6090 87.8769 66.4166
89.2918 82.0852 90.2154 80.3333 90.9231 81.7500
91.8082 84.8483 93.0462 86.0000 91.4462 86.5000
88.7470 80.1125 89.2918 82.0852 87.6000 81.0556
90.1920 85.6267 91.8082 84.8483 91.4462 86.5000
91.6308 83.1667 93.0462 86.0000 91.8082 84.8483
89.2918 82.0852 88.7470 80.1125 90.2154 80.3333
87.1923 79.6528 88.7470 80.1125 87.6000 81.0556
90.0319 83.5546 90.9231 81.7500 91.6308 83.1667
88.4154 83.8611 87.6000 81.0556 89.2918 82.0852
88.8231 85.2639 90.0319 83.5546 90.1920 85.6267
91.8082 84.8483 90.0319 83.5546 91.6308 83.1667
