160.2769 80.2967 159.2000 79.7777 160.9846 79.3333
157.6615 82.3056 157.1692 80.7778 158.5736 81.0678
163.2000 92.5556 162.2218 92.7634 161.8625 91.5655
159.8773 82.3765 160.2769 80.2967 161.4154 81.4723
161.3538 79.7778 161.4154 81.4723 160.2769 80.2967
160.2385 85.7567 161.5385 84.8611 161.6000 86.5556
161.6000 86.5556 162.1693 88.6907 160.5398 87.9818
161.5385 84.8611 160.2385 85.7567 160.0343 84.0691
161.1077 93.0000 160.6154 91.4722 161.8625 91.5655
157.4154 80.2222 158.5736 81.0678 157.1692 80.7778
161.4769 83.1667 159.8773 82.3765 161.4154 81.4723
160.2769 80.2967 159.8773 82.3765 158.5736 81.0678
160.2769 80.2967 160.9846 79.3333 161.3538 79.7778
159.2000 79.7777 158.5736 81.0678 157.4154 80.2222
160.0343 84.0691 161.4769 83.1667 161.5385 84.8611
157.6615 82.3056 159.8773 82.3765 158.1538 83.8333
162.6847 90.6231 161.5048 89.9028 162.1693 88.6907
160.2769 80.2967 158.5736 81.0678 159.2000 79.7777
159.8773 82.3765 157.6615 82.3056 158.5736 81.0678
161.5048 89.9028 160.6154 91.4722 160.1231 89.9445
160.2385 85.7567 160.5398 87.9818 159.1385 86.8889
160.2385 85.7567 161.6000 86.5556 160.5398 87.9818
158.1538 83.8333 160.0343 84.0691 158.6461 85.3611
160.0343 84.0691 159.8773 82.3765 161.4769 83.1667
160.2385 85.7567 159.1385 86.8889 158.6461 85.3611
158.6461 85.3611 160.0343 84.0691 160.2385 85.7567
158.1538 83.8333 159.8773 82.3765 160.0343 84.0691
161.5048 89.9028 160.5398 87.9818 162.1693 88.6907
160.1231 89.9445 159.1385 86.8889 160.5398 87.9818
163.2000 92.5556 161.8625 91.5655 162.6847 90.6231
160.5398 87.9818 161.5048 89.9028 160.1231 89.9445
161.5048 89.9028 162.6847 90.6231 161.8625 91.5655
161.1077 93.0000 161.8625 91.5655 162.2218 92.7634
161.5048 89.9028 161.8625 91.5655 160.6154 91.4722
