126.0683 88.8489 125.7483 86.8609 127.2615 87.6112
126.1538 94.0000 127.6028 92.2490 127.5692 93.6667
127.3846 89.6667 126.7449 91.0211 125.1692 90.1111
127.6028 92.2490 128.6769 92.2500 128.4594 92.8971
128.6769 92.2500 129.1077 93.1111 128.4594 92.8971
127.6028 92.2490 128.4594 92.8971 127.5692 93.6667
128.9846 93.3333 128.4594 92.8971 129.1077 93.1111
128.9846 93.3333 127.5692 93.6667 128.4594 92.8971
127.6028 92.2490 126.1538 94.0000 125.6615 92.0555
128.2462 91.3889 128.6769 92.2500 127.6028 92.2490
125.1692 90.1111 124.6769 88.1667 126.0683 88.8489
126.7449 91.0211 128.2462 91.3889 127.6028 92.2490
126.7449 91.0211 127.6028 92.2490 125.6615 92.0555
125.1692 90.1111 126.7449 91.0211 125.6615 92.0555
128.2462 91.3889 126.7449 91.0211 127.3846 89.6667
125.7483 86.8609 124.6769 88.1667 124.1846 86.2222
125.1692 90.1111 126.0683 88.8489 127.3846 89.6667
125.7483 86.8609 126.0683 88.8489 124.6769 88.1667
127.2615 87.6112 127.3846 89.6667 126.0683 88.8489
124.1846 86.2222 127.1385 85.5556 125.7483 86.8609
127.1385 85.5556 127.2615 87.6112 125.7483 86.8609
