M1
374.6462 232.3333
369.3538 236.2222
366.7692 233.0000
328.6154 220.6667
327.3846 219.5556
311.6308 215.5556
311.1385 213.2222
307.3231 211.8889
279.6308 228.0000
277.2923 227.2222
272.2462 230.1111
269.9077 221.5556
264.2462 211.4444
271.5077 205.8889
269.4154 203.4444
226.7077 231.8889
222.4000 230.6667
214.8923 235.3333
200.2462 234.8889
189.1692 220.0000
182.8923 223.8889
180.5538 223.2222
161.1077 235.1111
146.5846 234.6667
140.6769 224.4444
144.3692 221.7778
143.3846 219.6667
137.6000 222.6667
134.5231 221.2222
128.6154 224.4444
119.7538 210.5556
134.2769 201.3333
133.1692 198.8889
134.1538 197.4444
118.0308 207.8889
115.9385 207.1111
109.2923 211.4444
106.9538 209.6667
103.2615 211.4444
94.0308 196.6667
100.3077 193.3333
99.3231 191.6667
92.0615 192.6667
77.2923 203.0000
68.1846 192.0000
62.1538 181.8889
63.2615 178.7778
60.9231 173.5556
62.6462 171.3333
85.2923 156.1111
80.9846 152.1111
72.2462 148.0000
65.9692 139.4444
70.6462 138.2222
72.6154 135.4444
18.0923 116.5556
20.8000 107.8889
32.3692 111.7778
32.6154 110.2222
30.6462 108.4444
28.1846 108.3333
27.9385 105.4444
30.2769 104.8889
28.9231 102.2222
29.1692 98.8889
34.0923 96.5556
54.5231 99.0000
54.5231 95.0000
61.0462 95.1111
60.1846 85.7778
57.6000 74.8889
57.4769 68.1111
54.4000 62.1111
53.9077 58.3333
78.8923 54.6667
81.3538 61.1111
84.8000 56.4444
80.6154 36.6667
103.0154 33.1111
102.8923 29.4444
105.3538 28.8889
107.8154 37.1111
109.9077 36.8889
113.2308 48.7778
115.0769 52.2222
127.8769 50.6667
147.4462 46.4444
151.1385 55.6667
176.0000 51.6667
177.1077 56.4444
180.4308 57.1111
189.9077 92.2222
192.8615 96.8889
193.4769 90.4444
195.5692 89.8889
193.7231 85.7778
197.5385 82.8889
214.4000 79.7778
215.5077 83.8889
219.5692 87.2222
223.8769 104.0000
228.3077 116.6667
227.8154 121.6667
228.6769 128.1111
205.1692 135.8889
213.7846 173.8889
243.4462 184.1111
236.5538 159.5556
246.5231 158.1111
265.7231 160.6667
272.7385 156.0000
295.0154 146.8889
297.4769 151.5556
300.3077 153.3333
307.9385 181.5556
309.0462 182.2222
310.6462 178.0000
306.3385 169.6667
306.7077 161.7778
318.0308 157.8889
328.0000 156.1111
330.3385 163.0000
333.9077 164.8889
339.2000 179.4444
342.5231 197.5556
349.7846 218.8889
367.6308 225.3333
373.2923 226.3333
