P1
153.6000 64.8889
153.1077 64.8889
151.2615 59.1111
151.3846 58.5556
152.4923 58.2222
153.1077 58.2222
157.0462 63.1111
156.9231 63.4444
P2
155.3231 72.3333
153.7231 66.6667
158.8923 64.4444
159.1385 64.5556
159.5077 66.6667
161.1077 69.8889
155.8154 72.3333
P3
120.9846 74.1111
118.2769 70.6667
115.5692 58.8889
115.2000 55.1111
117.2923 54.3333
119.3846 61.4444
118.4000 62.4444
118.7692 63.6667
120.8615 64.1111
120.8615 67.4444
119.8769 68.8889
120.3692 69.4444
122.7077 69.1111
123.6923 73.1111
P4
121.4769 77.8889
121.2308 76.5556
121.1077 76.4444
121.1077 75.7778
121.7231 75.5556
122.3385 75.5556
122.4615 75.4444
123.0769 75.4444
123.9385 75.2222
124.1846 75.3333
125.1692 77.5556
125.0462 77.6667
124.1846 77.6667
124.0615 77.7778
P5
156.8000 79.3333
155.6923 73.7778
161.1077 72.4444
161.3538 72.7778
160.9846 74.5556
162.8308 77.0000
P6
123.3231 83.7778
122.8308 82.4444
122.5846 81.0000
122.2154 80.2222
125.4154 80.0000
125.5385 80.3333
125.4154 80.4444
124.9231 83.7778
124.4308 83.8889
P7
89.8462 87.0000
89.2308 86.6667
82.7077 64.2222
84.1846 61.4444
87.1385 64.1111
90.0923 73.3333
88.9846 74.6667
90.2154 80.3333
93.0462 86.0000
P8
161.1077 93.0000
157.1692 80.7778
157.4154 80.2222
160.9846 79.3333
161.3538 79.7778
161.6000 86.5556
163.2000 92.5556
P9
126.1538 94.0000
124.1846 86.2222
127.1385 85.5556
127.3846 89.6667
129.1077 93.1111
128.9846 93.3333
P10
128.2462 99.2222
127.0154 96.4444
126.8923 95.6667
129.7231 95.0000
131.4462 97.6667
131.8154 98.5556
128.8615 99.2222
P11
166.7692 99.5556
163.2000 100.5556
161.4769 93.5556
163.8154 93.4444
164.3077 93.6667
167.0154 99.2222
P12
94.0308 103.5556
92.5538 97.6667
93.2923 96.2222
92.8000 95.3333
91.6923 95.3333
89.7231 88.0000
92.8000 87.0000
95.1385 91.3333
95.3846 94.1111
94.8923 95.1111
95.7538 98.3333
94.7692 99.2222
95.2615 100.0000
96.6154 99.7778
97.3538 102.6667
P13
165.1692 107.0000
163.8154 102.6667
168.1231 101.3333
168.7385 101.3333
169.8462 103.0000
170.0923 105.4444
165.6615 107.0000
P14
64.9846 109.3333
61.7846 110.2222
60.1846 108.1111
57.1077 97.3333
62.0308 97.3333
P15
199.5077 112.8889
195.9385 113.6667
192.4923 105.1111
194.7077 105.1111
P16
166.5231 114.3333
165.5385 108.2222
170.7077 107.4444
170.3385 111.6667
170.9538 112.8889
P17
197.7846 119.5556
197.5385 119.4444
196.5538 115.4444
196.5538 114.7778
199.0154 114.3333
199.3846 114.5556
200.2462 116.5556
200.2462 117.0000
P18
134.0308 120.2222
130.4615 110.5556
128.9846 101.4444
131.2000 100.7778
133.6615 106.5556
132.1846 107.4444
132.9231 108.7778
134.7692 109.0000
137.6000 119.5556
P19
103.3846 121.6667
100.8000 121.1111
99.3231 116.2222
96.7385 112.5556
95.0154 105.8889
98.7077 104.7778
101.0462 110.4444
98.8308 112.1111
99.6923 113.6667
102.0308 113.1111
104.4923 118.2222
P20
66.7077 124.3333
62.8923 111.0000
79.1385 106.2222
79.5077 104.6667
90.8308 102.0000
94.5231 116.1111
75.2000 119.4444
75.6923 122.2222
70.2769 121.5556
69.0462 124.7778
P21
136.4923 128.8889
134.7692 122.1111
138.0923 121.8889
138.4615 122.1111
138.8308 123.0000
138.8308 123.5556
138.2154 124.2222
139.5692 126.0000
139.8154 128.2222
P22
102.2769 129.6667
101.0462 122.6667
104.7385 122.4444
105.1077 122.5556
105.7231 128.4444
105.4769 128.8889
P23
203.5692 129.3333
201.2308 129.8889
200.6154 129.7778
198.7692 121.6667
198.7692 120.7778
199.0154 120.5556
199.8769 120.5556
200.4923 120.8889
201.7231 122.3333
203.8154 129.0000
P24
106.0923 134.8889
105.1077 134.7778
103.5077 134.2222
103.3846 131.4444
105.1077 131.0000
105.6000 131.0000
105.7231 130.8889
106.3385 131.8889
106.3385 133.3333
106.2154 133.4444
P25
173.9077 140.2222
173.0462 137.4444
173.5385 134.7778
171.2000 130.2222
171.0769 126.1111
168.8615 126.7778
167.6308 123.0000
169.2308 121.5556
167.1385 114.7778
171.9385 114.4444
173.1692 118.2222
174.1538 127.5556
178.5846 138.4444
P26
173.5385 159.5556
142.2769 149.2222
136.8615 129.8889
140.4308 129.0000
144.6154 135.5556
147.5692 136.5556
161.3538 132.5556
P27
205.6615 169.6667
179.0769 161.4444
175.3846 152.7778
175.0154 149.2222
176.0000 148.4444
174.5231 141.6667
176.0000 141.3333
176.1231 139.8889
179.5692 139.2222
186.4615 152.3333
190.5231 151.6667
193.2308 149.7778
200.2462 149.3333
P28
64.1231 174.7778
108.5538 146.8889
112.1231 146.7778
111.1385 150.5556
109.5385 151.6667
106.5846 151.1111
106.5846 153.6667
104.6154 155.7778
100.8000 156.0000
100.6769 157.6667
95.6308 159.1111
100.0615 169.7778
69.2923 174.1111
65.7231 176.3333
P29
247.0154 177.7778
246.4000 177.5556
240.9846 163.0000
241.2308 162.3333
244.6769 161.1111
247.1385 167.0000
245.5385 167.5556
245.7846 168.8889
247.5077 169.3333
249.1077 176.2222
248.9846 177.0000
P30
123.0769 178.1111
121.7231 175.3333
134.2769 167.7778
134.6462 167.8889
135.7538 170.8889
131.4462 172.0000
126.0308 177.3333
P31
118.7692 183.2222
116.5538 179.3333
116.5538 178.8889
119.1385 177.4444
119.6308 177.3333
121.7231 181.3333
119.0154 183.2222
P32
112.1231 186.1111
110.5231 183.4444
110.5231 183.0000
113.9692 180.2222
114.4615 180.1111
116.8000 184.4444
112.8615 186.0000
P33
278.5231 186.5556
276.4308 179.2222
281.3538 177.8889
281.6000 178.0000
281.9692 185.6667
281.6000 186.1111
P34
252.8000 187.6667
246.1538 185.7778
245.6615 183.6667
247.6308 181.1111
247.6308 179.7778
251.3231 179.0000
253.0462 187.3333
P35
281.3538 192.4444
279.0154 188.0000
279.1385 187.7778
283.8154 187.7778
285.2923 191.5556
281.9692 192.4444
P36
103.2615 192.6667
101.0462 190.2222
101.0462 189.7778
108.8000 184.4444
109.4154 185.5556
109.4154 186.1111
104.6154 189.1111
104.9846 190.7778
P37
200.0000 174.8889
165.5385 194.5556
139.2000 164.6667
149.0462 157.8889
P38
182.8923 198.3333
180.1846 194.7778
180.0615 194.2222
184.7385 191.3333
185.4769 192.0000
187.0769 194.3333
183.5077 198.0000
P39
288.0000 198.7778
284.5538 198.3333
280.8615 196.0000
280.9846 193.7778
286.2769 193.1111
P40
195.2000 184.7778
205.4154 177.7778
212.9231 178.4444
213.0462 179.7778
236.8000 187.0000
233.9692 189.1111
231.7538 188.5556
209.8462 201.7778
P41
166.0308 207.1111
164.0615 204.5556
164.1846 204.2222
168.4923 201.8889
169.2308 201.6667
171.0769 205.0000
166.5231 207.1111
P42
319.1385 208.7778
315.2000 207.5556
313.3538 200.1111
317.0462 199.5556
317.4154 199.7778
319.3846 208.4444
P43
159.6308 212.2222
157.1692 209.8889
157.1692 209.6667
162.3385 205.7778
162.7077 205.8889
164.3077 208.1111
164.4308 208.7778
160.3692 212.0000
P44
155.3231 215.4444
152.1231 213.0000
152.1231 212.6667
156.1846 210.0000
156.6769 209.8889
157.5385 212.8889
157.6615 214.1111
155.8154 215.4444
P45
200.6154 216.7778
199.1385 214.8889
199.2615 214.5556
205.1692 210.6667
207.1385 214.2222
201.1077 216.7778
P46
148.0615 220.2222
145.6000 217.4444
145.4769 216.8889
150.7692 213.5556
151.1385 213.7778
153.2308 216.8889
P47
193.2308 222.0000
192.1231 220.0000
192.1231 219.5556
197.6615 215.5556
197.9077 215.6667
198.4000 218.4444
193.9692 221.6667
P48
211.5692 206.4444
228.8000 196.0000
228.6769 193.5556
238.0308 187.0000
271.2615 197.7778
264.8615 201.4444
262.2769 199.5556
224.9846 225.4444
